    0.000000000    0.549909341    0.440999088
    0.125981742    0.517209220    0.423620682
    0.251963483    0.476595490    0.404636443
    0.377945225    0.444019696    0.383924800
    0.503926966    0.408102717    0.361847527
    0.629908708    0.371426999    0.339370197
    0.755890449    0.337167777    0.317070889
    0.881872191    0.301029580    0.294806482
    1.007853933    0.265398467    0.272411869
    1.133835674    0.230180961    0.250088885
    1.259817416    0.194471017    0.227863718
    1.385799157    0.159021595    0.205384348
    1.511780899    0.123120815    0.183089652
    1.637762640    0.088329932    0.162270043
    1.763744382    0.052264353    0.143346854
    1.889726124    0.021952403    0.125963439
    2.015707865    0.015620577    0.110207842
    2.141689607    0.023258745    0.096187340
    2.267671348    0.024340288    0.083758017
    2.393653090    0.025562306    0.072982692
    2.519634831    0.030082346    0.063896793
    2.645616573    0.031162550    0.056429592
    2.771598315    0.033612831    0.050614756
    2.897580056    0.037131327    0.046473986
    3.023561798    0.038358216    0.043975314
    3.149543539    0.041362142    0.043103467
    3.275525281    0.044201159    0.043920911
    3.401507022    0.045723981    0.046138328
    3.527488764    0.048955458    0.048754888
    3.653470506    0.051293352    0.051148072
    3.779452247    0.053197097    0.053582681
    3.905433989    0.056422779    0.056091897
    4.031415730    0.058435340    0.058502648
    4.157397472    0.060729800    0.060964422
    4.283379213    0.063783880    0.063445718
    4.409360955    0.065651371    0.065865258
    4.535342696    0.068277442    0.068339531
    4.661324438    0.071065566    0.070803289
    4.787306180    0.072952995    0.073232750
    4.913287921    0.075801452    0.075712386
    5.039269663    0.078301970    0.078163343
    5.165251404    0.080336293    0.080604240
    5.291233146    0.083274280    0.083083641
    5.417214887    0.085529624    0.085526248
    5.543196629    0.087783347    0.087978760
    5.669178371    0.090682638    0.090453577
    5.795160112    0.092780746    0.092892551
    5.921141854    0.095266495    0.095355154
    6.047123595    0.098028580    0.097822641
    6.173105337    0.100078761    0.100262501
    6.299087078    0.102755608    0.102732206
    6.425068820    0.105327463    0.105191452
    6.551050562    0.107433990    0.107635827
    6.677032303    0.110223323    0.110108745
    6.803014045    0.112602747    0.112560576
    6.928995786    0.114843098    0.115011598
    7.054977528    0.117650594    0.117483655
    7.180959269    0.119880292    0.119930183
    7.306941011    0.122291241    0.122388119
    7.432922753    0.125029648    0.124855696
    7.558904494    0.127182345    0.127299533
    7.684886236    0.129756193    0.129762637
    7.810867977    0.132364108    0.132222876
    7.936849719    0.134522595    0.134666103
    8.062831460    0.137213420    0.137130650
    8.188813202    0.139666396    0.139581320
    8.314794944    0.141903114    0.142024273
    8.440776685    0.144640667    0.144484499
    8.566758427    0.146952774    0.146923110
    8.692740168    0.149313294    0.149362853
    8.818721910    0.152020756    0.151810381
    8.944703651    0.154236832    0.154232253
    9.070685393    0.156730162    0.156660400
    9.196667135    0.159341097    0.159082446
    9.322648876    0.161521690    0.161477163
    9.448630618    0.164118562    0.163876286
    9.574612359    0.166588732    0.166251573
    9.700594101    0.168790671    0.168596763
    9.826575842    0.171428300    0.170933851
    9.952557584    0.173738645    0.173224289
   10.078539326    0.175994368    0.175474624
   10.204521067    0.178584395    0.177688764
   10.330502809    0.180732711    0.179823529
   10.456484550    0.183029710    0.181890798
   10.582466292    0.185463268    0.183869592
   10.708448033    0.187442594    0.185714936
   10.834429775    0.189702418    0.187431036
   10.960411517    0.191845019    0.188965491
   11.086393258    0.193605778    0.190267773
   11.212375000    0.195656134    0.191314723
   11.338356741    0.197320750    0.192012629
   11.464338483    0.198710479    0.192289985
   11.590320224    0.200238509    0.192066391
   11.716301966    0.201120333    0.191186227
   11.842283707    0.201784039    0.189521520
   11.968265449    0.202242426    0.186885870
   12.094247191    0.201784002    0.183017370
   12.220228932    0.200991991    0.177661629
   12.346210674    0.199411023    0.170441084
   12.472192415    0.196541216    0.160897573
   12.598174157    0.192870511    0.148520482
   12.724155898    0.187480150    0.132590421
   12.850137640    0.180117825    0.112292322
   12.976119382    0.170851720    0.086633851
   13.102101123    0.158340619    0.054320626
   13.228082865    0.142444442    0.014074803
   13.354064606    0.122409760   -0.035862397
   13.480046348    0.096487765   -0.098443393
   13.606028089    0.064260557   -0.176436120
   13.732009831    0.023629888   -0.270306294
   13.857991573   -0.027655738   -0.377815528
   13.983973314   -0.091067315   -0.494858889
   14.109955056   -0.170735273   -0.616489624
   14.235936797   -0.269535529   -0.737615386
   14.361918539   -0.391434348   -0.853114801
   14.487900280   -0.542965665   -0.958045391
   14.613882022   -0.724533603   -1.048373938
   14.739863764   -0.946771555   -1.121981793
   14.865845505   -1.237120473   -1.179478982
   14.991827247   -1.592048737   -1.223550068
   15.117808988   -1.958022005   -1.256762875
   15.243790730   -2.273301359   -1.280433688
   15.369772471   -2.495456075   -1.295391473
   15.495754213   -2.604636392   -1.302366434
   15.621735955   -2.598412377   -1.301636244
   15.747717696   -2.476368739   -1.293170093
   15.873699438   -2.242551846   -1.276646444
   15.999681179   -1.919215947   -1.251296621
   16.125662921   -1.550536228   -1.216248454
   16.251644662   -1.200025592   -1.170091383
   16.377626404   -0.917147219   -1.110134111
   16.503608146   -0.699633995   -1.033801266
   16.629589887   -0.520798815   -0.940799954
   16.755571629   -0.371684801   -0.833476652
   16.881553370   -0.251491412   -0.716009002
   17.007535112   -0.153940903   -0.593411486
   17.133516853   -0.074814044   -0.470782653
   17.259498595   -0.011390437   -0.353237980
   17.385480337    0.040080278   -0.245702139
   17.511462078    0.081574225   -0.152124783
   17.637443820    0.114841091   -0.074543195
   17.763425561    0.141896780   -0.012227143
   17.889407303    0.163606693    0.037698945
   18.015389044    0.181008175    0.077993861
   18.141370786    0.195134588    0.110254406
   18.267352528    0.206299869    0.135667934
   18.393334269    0.215106485    0.155356940
   18.519316011    0.222050786    0.170158288
   18.645297752    0.227158724    0.180680759
   18.771279494    0.230772510    0.187366170
   18.897261235    0.233063230    0.190457878
   19.023242977    0.233840305    0.190024628
   19.149224718    0.233243601    0.185980650
   19.275206460    0.231152797    0.178069629
   19.401188202    0.227149079    0.165832567
   19.527169943    0.221193728    0.148646763
   19.653151685    0.212826333    0.125664550
   19.779133426    0.201355715    0.095749537
   19.905115168    0.186490120    0.057706504
   20.031096909    0.167202782    0.009932429
   20.157078651    0.142374014   -0.050338801
   20.283060393    0.111189566   -0.125982800
   20.409042134    0.071609480   -0.217730603
   20.535023876    0.021829581   -0.323545609
   20.661005617   -0.040056693   -0.439473459
   20.786987359   -0.117845738   -0.560588949
   20.912969100   -0.214265316   -0.681774891
   21.038950842   -0.333456301   -0.797927781
   21.164932584   -0.481745450   -0.904032895
   21.290914325   -0.659883259   -0.995908345
   21.416896067   -0.876752939   -1.071201391
   21.542877808   -1.159079580   -1.130201381
   21.668859550   -1.509039458   -1.175473133
   21.794841291   -1.877136243   -1.209696654
   21.920823033   -2.199904834   -1.234271647
   22.046804775   -2.433096942   -1.250052239
   22.172786516   -2.554503465   -1.257791406
   22.298768258   -2.560127596   -1.257794340
   22.424749999   -2.450322745   -1.250070843
   22.550731741   -2.227591287   -1.234327651
   22.676713482   -1.911779627   -1.209817480
   22.802695224   -1.545249939   -1.175693241
   22.928676966   -1.189796990   -1.130627582
   23.054658707   -0.898876280   -1.072039218
   23.180640449   -0.675951424   -0.997232469
   23.306622190   -0.493615350   -0.905592151
   23.432603932   -0.341124039   -0.799227392
   23.558585673   -0.218057539   -0.682165414
   23.684567415   -0.117913226   -0.559344710
   23.810549157   -0.036624884   -0.435877120
   23.936530898    0.028637118   -0.316850500
   24.062512640    0.081988474   -0.207206370
   24.188494381    0.124974241   -0.111040925
   24.314476123    0.159757227   -0.030590788
   24.440457864    0.188452801    0.034613726
   24.566439606    0.211515768    0.087343988
   24.692421348    0.230591072    0.130548014
   24.818403089    0.246484621    0.165983748
   24.944384831    0.259328538    0.194924586
   25.070366572    0.270372736    0.218655064
   25.196348314    0.279626980    0.238163000
   25.322330055    0.287289517    0.254253523
   25.448311797    0.294223698    0.267634690
   25.574293539    0.300025610    0.278811325
   25.700275280    0.305103195    0.288229200
   25.826257022    0.309906844    0.296256169
   25.952238763    0.313919750    0.303140771
   26.078220505    0.317741167    0.309132329
   26.204202246    0.321406536    0.314410734
   26.330183988    0.324515229    0.319098186
   26.456165729    0.327743456    0.323339096
   26.582147471    0.330769298    0.327210791
   26.708129213    0.333457155    0.330778740
   26.834110954    0.336403946    0.334127920
   26.960092696    0.339051087    0.337281165
   27.086074437    0.341585369    0.340282367
   27.212056179    0.344377511    0.343178394
   27.338037920    0.346798640    0.345966198
   27.464019662    0.349321606    0.348683545
   27.590001404    0.351994389    0.351349398
   27.715983145    0.354296016    0.353953057
   27.841964887    0.356869463    0.356530410
   27.967946628    0.359421741    0.359078879
   28.093928370    0.361689793    0.361591797
   28.219910111    0.364320653    0.364101227
   28.345891853    0.366748336    0.366589166
   28.471873595    0.369053266    0.369059548
   28.597855336    0.371711823    0.371536034
   28.723837078    0.374026330    0.373992362
   28.849818819    0.376418733    0.376444947
   28.975800561    0.379055775    0.378904506
   29.101782302    0.381290706    0.381344525
   29.227764044    0.383794347    0.383791583
   29.353745786    0.386358226    0.386240923
   29.479727527    0.388566432    0.388673499
   29.605709269    0.391174035    0.391120414
   29.731691010    0.393626542    0.393562134
   29.857672752    0.395869877    0.395993014
   29.983654493    0.398544543    0.398441198
   30.109636235    0.400873046    0.400876587
   30.235617977    0.403208105    0.403309722
   30.361599718    0.405891460    0.405758297
   30.487581460    0.408114825    0.408188761
   30.613563201    0.410578348    0.410626637
   30.739544943    0.413204292    0.413073612
   30.865526684    0.415370981    0.415501240
   30.991508426    0.417968849    0.417944845
   31.117490168    0.420480204    0.420388050
   31.243471909    0.422658581    0.422815577
   31.369453651    0.425361484    0.425264353
   31.495435392    0.427725782    0.427702237
   31.621417134    0.429988428    0.430132691
   31.747398875    0.432735954    0.432584700
   31.873380617    0.434956465    0.435016912
   31.999362359    0.437361851    0.437452985
   32.125344100    0.440074772    0.439905298
   32.251325842    0.442193655    0.442332958
   32.377307583    0.444769363    0.444776369
   32.503289325    0.447367733    0.447225690
   32.629271066    0.449459681    0.449651323
   32.755252808    0.452191712    0.452102315
   32.881234550    0.454615867    0.454545730
   33.007216291    0.456773490    0.456972874
   33.133198033    0.459604320    0.459429978
   33.259179774    0.461832333    0.461865686
   33.385161516    0.464144506    0.464298222
   33.511143257    0.466981559    0.466758361
   33.637124999    0.469040455    0.469186230
   33.763106740    0.471569439    0.471627596
   33.889088482    0.474303224    0.474086520
   34.015070224    0.476269781    0.476508361
   34.141051965    0.479031394    0.478960814
   34.267033707    0.481560022    0.481413771
   34.393015448    0.483550094    0.483833256
   34.518997190    0.486501812    0.486297294
   34.644978931    0.488757248    0.488739704
   34.770960673    0.490904795    0.491162034
   34.896942415    0.493945044    0.493636189
   35.022924156    0.495915771    0.496064127
   35.148905898    0.498345064    0.498495734
   35.274887639    0.501324618    0.500976722
   35.400869381    0.503070085    0.503386568
   35.526851122    0.505866100    0.505835671
   35.652832864    0.508609707    0.508318777
   35.778814606    0.510264025    0.510704066
   35.904796347    0.513446363    0.513186166
   36.030778089    0.515779747    0.515664826
   36.156759830    0.517545929    0.517994571
   36.282741572    0.521050062    0.520591681
   36.408723313    0.522824144    0.523024912
   36.534705055    0.524967418    0.523950714
   36.660686797    0.528632148    0.523005080
   36.786668538    0.529729689    0.520513562
   36.912650280    0.532599154    0.516384546
   37.038632021    0.536142827    0.510539367
   37.164613763    0.536421669    0.503085370
   37.290595504    0.540638397    0.493988221
   37.416577246    0.543510984    0.483203529
   37.542558988    0.542341393    0.470786191
   37.668540729    0.550638330    0.456739456
