  0.00000000E+00 -0.77429209E+01
  0.13161741E-01 -0.77422332E+01
  0.26323481E-01 -0.77401707E+01
  0.39485222E-01 -0.77367361E+01
  0.52646963E-01 -0.77319337E+01
  0.65808704E-01 -0.77257697E+01
  0.78970444E-01 -0.77182520E+01
  0.92132185E-01 -0.77093911E+01
  0.10529393E+00 -0.76991994E+01
  0.11845567E+00 -0.76876921E+01
  0.13161741E+00 -0.76748869E+01
  0.14477915E+00 -0.76608047E+01
  0.15794089E+00 -0.76454696E+01
  0.17110263E+00 -0.76289094E+01
  0.18426437E+00 -0.76111558E+01
  0.19742611E+00 -0.75922445E+01
  0.21058785E+00 -0.75722162E+01
  0.22374959E+00 -0.75511160E+01
  0.23691133E+00 -0.75289946E+01
  0.25007307E+00 -0.75059083E+01
  0.26323481E+00 -0.74819191E+01
  0.27639656E+00 -0.74570955E+01
  0.28955830E+00 -0.74315126E+01
  0.30272004E+00 -0.74052527E+01
  0.31588178E+00 -0.73784051E+01
  0.32904352E+00 -0.73510674E+01
  0.34220526E+00 -0.73233450E+01
  0.35536700E+00 -0.72953523E+01
  0.36852874E+00 -0.72672126E+01
  0.38169048E+00 -0.72390585E+01
  0.39485222E+00 -0.72110328E+01
  0.40801396E+00 -0.71832885E+01
  0.42117570E+00 -0.71559892E+01
  0.43433744E+00 -0.71293089E+01
  0.44749918E+00 -0.71034325E+01
  0.46066093E+00 -0.70785544E+01
  0.47382267E+00 -0.70548778E+01
  0.48698441E+00 -0.70326122E+01
  0.50014615E+00 -0.70119709E+01
  0.51330789E+00 -0.69931654E+01
  0.52646963E+00 -0.69764004E+01
  0.53963137E+00 -0.69618651E+01
  0.55279311E+00 -0.69497251E+01
  0.56595485E+00 -0.69401122E+01
  0.57911659E+00 -0.69331151E+01
  0.59227833E+00 -0.69287710E+01
  0.60544007E+00 -0.69270606E+01
  0.61860181E+00 -0.69279060E+01
  0.63176355E+00 -0.69311729E+01
  0.64492530E+00 -0.69366774E+01
  0.65808704E+00 -0.69441951E+01
  0.67124878E+00 -0.69534717E+01
  0.68441052E+00 -0.69642347E+01
  0.69757226E+00 -0.69762041E+01
  0.71073400E+00 -0.69891003E+01
  0.72389574E+00 -0.70026520E+01
  0.73705748E+00 -0.70166003E+01
  0.75021922E+00 -0.70307018E+01
  0.76338096E+00 -0.70447308E+01
  0.77654270E+00 -0.70584789E+01
  0.78970444E+00 -0.70717555E+01
  0.80286618E+00 -0.70843871E+01
  0.81602792E+00 -0.70962159E+01
  0.82918967E+00 -0.71070992E+01
  0.84235141E+00 -0.71169084E+01
  0.85551315E+00 -0.71255276E+01
  0.86867489E+00 -0.71328531E+01
  0.88183663E+00 -0.71387924E+01
  0.89499837E+00 -0.71432635E+01
  0.90816011E+00 -0.71461944E+01
  0.92132185E+00 -0.71475225E+01
  0.93448359E+00 -0.71471941E+01
  0.94764533E+00 -0.71451642E+01
  0.96080707E+00 -0.71413959E+01
  0.97396881E+00 -0.71358605E+01
  0.98713055E+00 -0.71285369E+01
  0.10002923E+01 -0.71194119E+01
  0.10134540E+01 -0.71084797E+01
  0.10266158E+01 -0.70957423E+01
  0.10397775E+01 -0.70812093E+01
  0.10529393E+01 -0.70648982E+01
  0.10661010E+01 -0.70687968E+01
  0.10792627E+01 -0.71014241E+01
  0.10924245E+01 -0.71323441E+01
  0.11055862E+01 -0.71615383E+01
  0.11187480E+01 -0.71889918E+01
  0.11319097E+01 -0.72146922E+01
  0.11450714E+01 -0.72386299E+01
  0.11582332E+01 -0.72607981E+01
  0.11713949E+01 -0.72811925E+01
  0.11845567E+01 -0.72998113E+01
  0.11977184E+01 -0.73166551E+01
  0.12108801E+01 -0.73317270E+01
  0.12240419E+01 -0.73450323E+01
  0.12372036E+01 -0.73565788E+01
  0.12503654E+01 -0.73663767E+01
  0.12635271E+01 -0.73744387E+01
  0.12766888E+01 -0.73807802E+01
  0.12898506E+01 -0.73854190E+01
  0.13030123E+01 -0.73883760E+01
  0.13161741E+01 -0.73896751E+01
  0.13293358E+01 -0.73893410E+01
  0.13424976E+01 -0.73874066E+01
  0.13556593E+01 -0.73839059E+01
  0.13688210E+01 -0.73788767E+01
  0.13819828E+01 -0.73723610E+01
  0.13951445E+01 -0.73644045E+01
  0.14083063E+01 -0.73550576E+01
  0.14214680E+01 -0.73443748E+01
  0.14346297E+01 -0.73324152E+01
  0.14477915E+01 -0.73192425E+01
  0.14609532E+01 -0.73049247E+01
  0.14741150E+01 -0.72895341E+01
  0.14872767E+01 -0.72731477E+01
  0.15004384E+01 -0.72558461E+01
  0.15136002E+01 -0.72377141E+01
  0.15267619E+01 -0.72188398E+01
  0.15399237E+01 -0.71993144E+01
  0.15530854E+01 -0.71792319E+01
  0.15662471E+01 -0.71736687E+01
  0.15794089E+01 -0.72099181E+01
  0.15925706E+01 -0.72455684E+01
  0.16057324E+01 -0.72805664E+01
  0.16188941E+01 -0.73148626E+01
  0.16320558E+01 -0.73484097E+01
  0.16452176E+01 -0.73811624E+01
  0.16583793E+01 -0.74130767E+01
  0.16715411E+01 -0.74441097E+01
  0.16847028E+01 -0.74742190E+01
  0.16978646E+01 -0.75033631E+01
  0.17110263E+01 -0.75315007E+01
  0.17241880E+01 -0.75585909E+01
  0.17373498E+01 -0.75845932E+01
  0.17505115E+01 -0.76094675E+01
  0.17636733E+01 -0.76331744E+01
  0.17768350E+01 -0.76556750E+01
  0.17899967E+01 -0.76769311E+01
  0.18031585E+01 -0.76969058E+01
  0.18163202E+01 -0.77155632E+01
  0.18294820E+01 -0.77328688E+01
  0.18426437E+01 -0.77487898E+01
  0.18558054E+01 -0.77632953E+01
  0.18689672E+01 -0.77763564E+01
  0.18821289E+01 -0.77879466E+01
  0.18952907E+01 -0.77980420E+01
  0.19084524E+01 -0.78066214E+01
  0.19216141E+01 -0.78136663E+01
  0.19347759E+01 -0.78191618E+01
  0.19479376E+01 -0.78230958E+01
  0.19610994E+01 -0.78254596E+01
  0.19742611E+01 -0.78262481E+01
  0.19873629E+01 -0.78254427E+01
  0.20004646E+01 -0.78230285E+01
  0.20135663E+01 -0.78190127E+01
  0.20266681E+01 -0.78134066E+01
  0.20397698E+01 -0.78062264E+01
  0.20528716E+01 -0.77974923E+01
  0.20659733E+01 -0.77872290E+01
  0.20790751E+01 -0.77754651E+01
  0.20921768E+01 -0.77622332E+01
  0.21052785E+01 -0.77475694E+01
  0.21183803E+01 -0.77315137E+01
  0.21314820E+01 -0.77141092E+01
  0.21445838E+01 -0.76954025E+01
  0.21576855E+01 -0.76754433E+01
  0.21707873E+01 -0.76542845E+01
  0.21838890E+01 -0.76319824E+01
  0.21969907E+01 -0.76085965E+01
  0.22100925E+01 -0.75841898E+01
  0.22231942E+01 -0.75588291E+01
  0.22362960E+01 -0.75325856E+01
  0.22493977E+01 -0.75055351E+01
  0.22624995E+01 -0.74777589E+01
  0.22756012E+01 -0.74493446E+01
  0.22887030E+01 -0.74203870E+01
  0.23018047E+01 -0.73909893E+01
  0.23149064E+01 -0.73612645E+01
  0.23280082E+01 -0.73313373E+01
  0.23411099E+01 -0.73013451E+01
  0.23542117E+01 -0.72714409E+01
  0.23673134E+01 -0.72417945E+01
  0.23804152E+01 -0.72125947E+01
  0.23935169E+01 -0.71840513E+01
  0.24066186E+01 -0.71563961E+01
  0.24197204E+01 -0.71298832E+01
  0.24328221E+01 -0.71047879E+01
  0.24459239E+01 -0.70814036E+01
  0.24590256E+01 -0.70600360E+01
  0.24721274E+01 -0.70409945E+01
  0.24852291E+01 -0.70245798E+01
  0.24983309E+01 -0.70110695E+01
  0.25114326E+01 -0.70007017E+01
  0.25245343E+01 -0.69936594E+01
  0.25376361E+01 -0.69900573E+01
  0.25507378E+01 -0.69899345E+01
  0.25638396E+01 -0.69932521E+01
  0.25769413E+01 -0.69998989E+01
  0.25900431E+01 -0.70097013E+01
  0.26031448E+01 -0.70224367E+01
  0.26162465E+01 -0.70378484E+01
  0.26293483E+01 -0.70556595E+01
  0.26424500E+01 -0.70755846E+01
  0.26555518E+01 -0.70973398E+01
  0.26686535E+01 -0.71206488E+01
  0.26817553E+01 -0.71452477E+01
  0.26948570E+01 -0.71708878E+01
  0.27079588E+01 -0.71973369E+01
  0.27210605E+01 -0.72243793E+01
  0.27341622E+01 -0.72518160E+01
  0.27472640E+01 -0.72794637E+01
  0.27603657E+01 -0.73071543E+01
  0.27734675E+01 -0.73347336E+01
  0.27865692E+01 -0.73620610E+01
  0.27996710E+01 -0.73890080E+01
  0.28127727E+01 -0.74154578E+01
  0.28258744E+01 -0.74413047E+01
  0.28389762E+01 -0.74664530E+01
  0.28520779E+01 -0.74908168E+01
  0.28651797E+01 -0.75143190E+01
  0.28782814E+01 -0.75368913E+01
  0.28913832E+01 -0.75584729E+01
  0.29044849E+01 -0.75790109E+01
  0.29175866E+01 -0.75984589E+01
  0.29306884E+01 -0.76167770E+01
  0.29437901E+01 -0.76339310E+01
  0.29568919E+01 -0.76498922E+01
  0.29699936E+01 -0.76646364E+01
  0.29830954E+01 -0.76781439E+01
  0.29961971E+01 -0.76903985E+01
  0.30092989E+01 -0.77013875E+01
  0.30224006E+01 -0.77111007E+01
  0.30355023E+01 -0.77195305E+01
  0.30486041E+01 -0.77266708E+01
  0.30617058E+01 -0.77325176E+01
  0.30748076E+01 -0.77370677E+01
  0.30879093E+01 -0.77403191E+01
  0.31010111E+01 -0.77422704E+01
  0.31141128E+01 -0.77429209E+01
  
  0.00000000E+00 -0.43034724E+01
  0.13161741E-01 -0.43054953E+01
  0.26323481E-01 -0.43099306E+01
  0.39485222E-01 -0.43171415E+01
  0.52646963E-01 -0.43271631E+01
  0.65808704E-01 -0.43399697E+01
  0.78970444E-01 -0.43555155E+01
  0.92132185E-01 -0.43737417E+01
  0.10529393E+00 -0.43945788E+01
  0.11845567E+00 -0.44179477E+01
  0.13161741E+00 -0.44437598E+01
  0.14477915E+00 -0.44719182E+01
  0.15794089E+00 -0.45023177E+01
  0.17110263E+00 -0.45348458E+01
  0.18426437E+00 -0.45693825E+01
  0.19742611E+00 -0.46058014E+01
  0.21058785E+00 -0.46439698E+01
  0.22374959E+00 -0.46837489E+01
  0.23691133E+00 -0.47249948E+01
  0.25007307E+00 -0.47675582E+01
  0.26323481E+00 -0.48112853E+01
  0.27639656E+00 -0.48560176E+01
  0.28955830E+00 -0.49015927E+01
  0.30272004E+00 -0.49478441E+01
  0.31588178E+00 -0.49946019E+01
  0.32904352E+00 -0.50416926E+01
  0.34220526E+00 -0.50889393E+01
  0.35536700E+00 -0.51361619E+01
  0.36852874E+00 -0.51831768E+01
  0.38169048E+00 -0.52297971E+01
  0.39485222E+00 -0.52758318E+01
  0.40801396E+00 -0.53210865E+01
  0.42117570E+00 -0.53653623E+01
  0.43433744E+00 -0.54084560E+01
  0.44749918E+00 -0.54501601E+01
  0.46066093E+00 -0.54902630E+01
  0.47382267E+00 -0.55285501E+01
  0.48698441E+00 -0.55648050E+01
  0.50014615E+00 -0.55988127E+01
  0.51330789E+00 -0.56303632E+01
  0.52646963E+00 -0.56592569E+01
  0.53963137E+00 -0.56853118E+01
  0.55279311E+00 -0.57083718E+01
  0.56595485E+00 -0.57283155E+01
  0.57911659E+00 -0.57450654E+01
  0.59227833E+00 -0.57585950E+01
  0.60544007E+00 -0.57689343E+01
  0.61860181E+00 -0.57761705E+01
  0.63176355E+00 -0.57804457E+01
  0.64492530E+00 -0.57819502E+01
  0.65808704E+00 -0.57809127E+01
  0.67124878E+00 -0.57775900E+01
  0.68441052E+00 -0.57722548E+01
  0.69757226E+00 -0.57651859E+01
  0.71073400E+00 -0.57566594E+01
  0.72389574E+00 -0.57664351E+01
  0.73705748E+00 -0.58246546E+01
  0.75021922E+00 -0.58831319E+01
  0.76338096E+00 -0.59416950E+01
  0.77654270E+00 -0.60001888E+01
  0.78970444E+00 -0.60584724E+01
  0.80286618E+00 -0.61164175E+01
  0.81602792E+00 -0.61739061E+01
  0.82918967E+00 -0.62308295E+01
  0.84235141E+00 -0.62870866E+01
  0.85551315E+00 -0.63425829E+01
  0.86867489E+00 -0.63972299E+01
  0.88183663E+00 -0.64509445E+01
  0.89499837E+00 -0.65036483E+01
  0.90816011E+00 -0.65552676E+01
  0.92132185E+00 -0.66057328E+01
  0.93448359E+00 -0.66549787E+01
  0.94764533E+00 -0.67029440E+01
  0.96080707E+00 -0.67495712E+01
  0.97396881E+00 -0.67948071E+01
  0.98713055E+00 -0.68386018E+01
  0.10002923E+01 -0.68809096E+01
  0.10134540E+01 -0.69216883E+01
  0.10266158E+01 -0.69608994E+01
  0.10397775E+01 -0.69985082E+01
  0.10529393E+01 -0.70344833E+01
  0.10661010E+01 -0.70468353E+01
  0.10792627E+01 -0.70270556E+01
  0.10924245E+01 -0.70056044E+01
  0.11055862E+01 -0.69825385E+01
  0.11187480E+01 -0.69579284E+01
  0.11319097E+01 -0.69318609E+01
  0.11450714E+01 -0.69044429E+01
  0.11582332E+01 -0.68758071E+01
  0.11713949E+01 -0.68461193E+01
  0.11845567E+01 -0.68155881E+01
  0.11977184E+01 -0.67844792E+01
  0.12108801E+01 -0.67531342E+01
  0.12240419E+01 -0.67219946E+01
  0.12372036E+01 -0.66916335E+01
  0.12503654E+01 -0.66627907E+01
  0.12635271E+01 -0.66364035E+01
  0.12766888E+01 -0.66136144E+01
  0.12898506E+01 -0.65957163E+01
  0.13030123E+01 -0.65839969E+01
  0.13161741E+01 -0.65794740E+01
  0.13293358E+01 -0.65826269E+01
  0.13424976E+01 -0.65932285E+01
  0.13556593E+01 -0.66104878E+01
  0.13688210E+01 -0.66333056E+01
  0.13819828E+01 -0.66605362E+01
  0.13951445E+01 -0.66911500E+01
  0.14083063E+01 -0.67242940E+01
  0.14214680E+01 -0.67592920E+01
  0.14346297E+01 -0.67956180E+01
  0.14477915E+01 -0.68328654E+01
  0.14609532E+01 -0.68707183E+01
  0.14741150E+01 -0.69089288E+01
  0.14872767E+01 -0.69473001E+01
  0.15004384E+01 -0.69856735E+01
  0.15136002E+01 -0.70239188E+01
  0.15267619E+01 -0.70619273E+01
  0.15399237E+01 -0.70996067E+01
  0.15530854E+01 -0.71368772E+01
  0.15662471E+01 -0.71586885E+01
  0.15794089E+01 -0.71377822E+01
  0.15925706E+01 -0.71166118E+01
  0.16057324E+01 -0.70952767E+01
  0.16188941E+01 -0.70738764E+01
  0.16320558E+01 -0.70525090E+01
  0.16452176E+01 -0.70312715E+01
  0.16583793E+01 -0.70102585E+01
  0.16715411E+01 -0.69895615E+01
  0.16847028E+01 -0.69692684E+01
  0.16978646E+01 -0.69494630E+01
  0.17110263E+01 -0.69302237E+01
  0.17241880E+01 -0.69116238E+01
  0.17373498E+01 -0.68937305E+01
  0.17505115E+01 -0.68766043E+01
  0.17636733E+01 -0.68602994E+01
  0.17768350E+01 -0.68448629E+01
  0.17899967E+01 -0.68303349E+01
  0.18031585E+01 -0.68167489E+01
  0.18163202E+01 -0.68041317E+01
  0.18294820E+01 -0.67925038E+01
  0.18426437E+01 -0.67818800E+01
  0.18558054E+01 -0.67722704E+01
  0.18689672E+01 -0.67636802E+01
  0.18821289E+01 -0.67561114E+01
  0.18952907E+01 -0.67495632E+01
  0.19084524E+01 -0.67440327E+01
  0.19216141E+01 -0.67395161E+01
  0.19347759E+01 -0.67360089E+01
  0.19479376E+01 -0.67335072E+01
  0.19610994E+01 -0.67320077E+01
  0.19742611E+01 -0.67315080E+01
  0.19873629E+01 -0.67306552E+01
  0.20004646E+01 -0.67280981E+01
  0.20135663E+01 -0.67238412E+01
  0.20266681E+01 -0.67178917E+01
  0.20397698E+01 -0.67102598E+01
  0.20528716E+01 -0.67009580E+01
  0.20659733E+01 -0.66900018E+01
  0.20790751E+01 -0.66774090E+01
  0.20921768E+01 -0.66631996E+01
  0.21052785E+01 -0.66473957E+01
  0.21183803E+01 -0.66300212E+01
  0.21314820E+01 -0.66111018E+01
  0.21445838E+01 -0.65906648E+01
  0.21576855E+01 -0.65687384E+01
  0.21707873E+01 -0.65453522E+01
  0.21838890E+01 -0.65205366E+01
  0.21969907E+01 -0.64943227E+01
  0.22100925E+01 -0.64667420E+01
  0.22231942E+01 -0.64378268E+01
  0.22362960E+01 -0.64076094E+01
  0.22493977E+01 -0.63761226E+01
  0.22624995E+01 -0.63433993E+01
  0.22756012E+01 -0.63094727E+01
  0.22887030E+01 -0.62743761E+01
  0.23018047E+01 -0.62381432E+01
  0.23149064E+01 -0.62008083E+01
  0.23280082E+01 -0.61624059E+01
  0.23411099E+01 -0.61229713E+01
  0.23542117E+01 -0.60825407E+01
  0.23673134E+01 -0.60411514E+01
  0.23804152E+01 -0.59988416E+01
  0.23935169E+01 -0.59556514E+01
  0.24066186E+01 -0.59116223E+01
  0.24197204E+01 -0.58667977E+01
  0.24328221E+01 -0.58634281E+01
  0.24459239E+01 -0.58631723E+01
  0.24590256E+01 -0.58616956E+01
  0.24721274E+01 -0.58586232E+01
  0.24852291E+01 -0.58535819E+01
  0.24983309E+01 -0.58462162E+01
  0.25114326E+01 -0.58362074E+01
  0.25245343E+01 -0.58232906E+01
  0.25376361E+01 -0.58072696E+01
  0.25507378E+01 -0.57880259E+01
  0.25638396E+01 -0.57655219E+01
  0.25769413E+01 -0.57397969E+01
  0.25900431E+01 -0.57109578E+01
  0.26031448E+01 -0.56791662E+01
  0.26162465E+01 -0.56446242E+01
  0.26293483E+01 -0.56075612E+01
  0.26424500E+01 -0.55682221E+01
  0.26555518E+01 -0.55268583E+01
  0.26686535E+01 -0.54837208E+01
  0.26817553E+01 -0.54390559E+01
  0.26948570E+01 -0.53931027E+01
  0.27079588E+01 -0.53460916E+01
  0.27210605E+01 -0.52982439E+01
  0.27341622E+01 -0.52497723E+01
  0.27472640E+01 -0.52008808E+01
  0.27603657E+01 -0.51517660E+01
  0.27734675E+01 -0.51026173E+01
  0.27865692E+01 -0.50536177E+01
  0.27996710E+01 -0.50049446E+01
  0.28127727E+01 -0.49567697E+01
  0.28258744E+01 -0.49092600E+01
  0.28389762E+01 -0.48625775E+01
  0.28520779E+01 -0.48168797E+01
  0.28651797E+01 -0.47723193E+01
  0.28782814E+01 -0.47290446E+01
  0.28913832E+01 -0.46871993E+01
  0.29044849E+01 -0.46469220E+01
  0.29175866E+01 -0.46083465E+01
  0.29306884E+01 -0.45716010E+01
  0.29437901E+01 -0.45368084E+01
  0.29568919E+01 -0.45040855E+01
  0.29699936E+01 -0.44735429E+01
  0.29830954E+01 -0.44452843E+01
  0.29961971E+01 -0.44194062E+01
  0.30092989E+01 -0.43959974E+01
  0.30224006E+01 -0.43751381E+01
  0.30355023E+01 -0.43568991E+01
  0.30486041E+01 -0.43413401E+01
  0.30617058E+01 -0.43285063E+01
  0.30748076E+01 -0.43184192E+01
  0.30879093E+01 -0.43110504E+01
  0.31010111E+01 -0.43062373E+01
  0.31141128E+01 -0.43034724E+01
  
  0.00000000E+00 -0.43034721E+01
  0.13161741E-01 -0.43024969E+01
  0.26323481E-01 -0.43011996E+01
  0.39485222E-01 -0.42992006E+01
  0.52646963E-01 -0.42964384E+01
  0.65808704E-01 -0.42929015E+01
  0.78970444E-01 -0.42885888E+01
  0.92132185E-01 -0.42835021E+01
  0.10529393E+00 -0.42776448E+01
  0.11845567E+00 -0.42710212E+01
  0.13161741E+00 -0.42636365E+01
  0.14477915E+00 -0.42554964E+01
  0.15794089E+00 -0.42466077E+01
  0.17110263E+00 -0.42369776E+01
  0.18426437E+00 -0.42266144E+01
  0.19742611E+00 -0.42155270E+01
  0.21058785E+00 -0.42037257E+01
  0.22374959E+00 -0.41912216E+01
  0.23691133E+00 -0.41935956E+01
  0.25007307E+00 -0.42334118E+01
  0.26323481E+00 -0.42731771E+01
  0.27639656E+00 -0.43128677E+01
  0.28955830E+00 -0.43524627E+01
  0.30272004E+00 -0.43919440E+01
  0.31588178E+00 -0.44312952E+01
  0.32904352E+00 -0.44705020E+01
  0.34220526E+00 -0.45095515E+01
  0.35536700E+00 -0.45484324E+01
  0.36852874E+00 -0.45871356E+01
  0.38169048E+00 -0.46256541E+01
  0.39485222E+00 -0.46639839E+01
  0.40801396E+00 -0.47021250E+01
  0.42117570E+00 -0.47400827E+01
  0.43433744E+00 -0.47778691E+01
  0.44749918E+00 -0.48155051E+01
  0.46066093E+00 -0.48530231E+01
  0.47382267E+00 -0.48904704E+01
  0.48698441E+00 -0.49279123E+01
  0.50014615E+00 -0.49654369E+01
  0.51330789E+00 -0.50031594E+01
  0.52646963E+00 -0.50412261E+01
  0.53963137E+00 -0.50798173E+01
  0.55279311E+00 -0.51191470E+01
  0.56595485E+00 -0.51594573E+01
  0.57911659E+00 -0.52010054E+01
  0.59227833E+00 -0.52440421E+01
  0.60544007E+00 -0.52887827E+01
  0.61860181E+00 -0.53353777E+01
  0.63176355E+00 -0.53838905E+01
  0.64492530E+00 -0.54342892E+01
  0.65808704E+00 -0.54864554E+01
  0.67124878E+00 -0.55402055E+01
  0.68441052E+00 -0.55953163E+01
  0.69757226E+00 -0.56515483E+01
  0.71073400E+00 -0.57086634E+01
  0.72389574E+00 -0.57469419E+01
  0.73705748E+00 -0.57362862E+01
  0.75021922E+00 -0.57249281E+01
  0.76338096E+00 -0.57130855E+01
  0.77654270E+00 -0.57009578E+01
  0.78970444E+00 -0.56887266E+01
  0.80286618E+00 -0.56765563E+01
  0.81602792E+00 -0.56645952E+01
  0.82918967E+00 -0.56529767E+01
  0.84235141E+00 -0.56418206E+01
  0.85551315E+00 -0.56312336E+01
  0.86867489E+00 -0.56213109E+01
  0.88183663E+00 -0.56121364E+01
  0.89499837E+00 -0.56037838E+01
  0.90816011E+00 -0.55963176E+01
  0.92132185E+00 -0.55897933E+01
  0.93448359E+00 -0.55842590E+01
  0.94764533E+00 -0.55797558E+01
  0.96080707E+00 -0.55763197E+01
  0.97396881E+00 -0.55739832E+01
  0.98713055E+00 -0.55727769E+01
  0.10002923E+01 -0.55727329E+01
  0.10134540E+01 -0.55738878E+01
  0.10266158E+01 -0.55762873E+01
  0.10397775E+01 -0.55799916E+01
  0.10529393E+01 -0.55850823E+01
  0.10661010E+01 -0.55916703E+01
  0.10792627E+01 -0.55999054E+01
  0.10924245E+01 -0.56099840E+01
  0.11055862E+01 -0.56221529E+01
  0.11187480E+01 -0.56367017E+01
  0.11319097E+01 -0.56539327E+01
  0.11450714E+01 -0.56741004E+01
  0.11582332E+01 -0.56973237E+01
  0.11713949E+01 -0.57234995E+01
  0.11845567E+01 -0.57522588E+01
  0.11977184E+01 -0.57829904E+01
  0.12108801E+01 -0.58149085E+01
  0.12240419E+01 -0.58471206E+01
  0.12372036E+01 -0.58786621E+01
  0.12503654E+01 -0.59084950E+01
  0.12635271E+01 -0.59354875E+01
  0.12766888E+01 -0.59584092E+01
  0.12898506E+01 -0.59759864E+01
  0.13030123E+01 -0.59870640E+01
  0.13161741E+01 -0.59908818E+01
  0.13293358E+01 -0.59873624E+01
  0.13424976E+01 -0.59772971E+01
  0.13556593E+01 -0.59622106E+01
  0.13688210E+01 -0.59440784E+01
  0.13819828E+01 -0.59249753E+01
  0.13951445E+01 -0.59067500E+01
  0.14083063E+01 -0.58907716E+01
  0.14214680E+01 -0.58778033E+01
  0.14346297E+01 -0.58680439E+01
  0.14477915E+01 -0.58612951E+01
  0.14609532E+01 -0.58571578E+01
  0.14741150E+01 -0.58551805E+01
  0.14872767E+01 -0.58549429E+01
  0.15004384E+01 -0.58560880E+01
  0.15136002E+01 -0.58583267E+01
  0.15267619E+01 -0.58614307E+01
  0.15399237E+01 -0.58652212E+01
  0.15530854E+01 -0.58695582E+01
  0.15662471E+01 -0.58743315E+01
  0.15794089E+01 -0.58794534E+01
  0.15925706E+01 -0.58848533E+01
  0.16057324E+01 -0.58904731E+01
  0.16188941E+01 -0.58962642E+01
  0.16320558E+01 -0.59021848E+01
  0.16452176E+01 -0.59081983E+01
  0.16583793E+01 -0.59142715E+01
  0.16715411E+01 -0.59203739E+01
  0.16847028E+01 -0.59264766E+01
  0.16978646E+01 -0.59325521E+01
  0.17110263E+01 -0.59385734E+01
  0.17241880E+01 -0.59445141E+01
  0.17373498E+01 -0.59503483E+01
  0.17505115E+01 -0.59560500E+01
  0.17636733E+01 -0.59615939E+01
  0.17768350E+01 -0.59669546E+01
  0.17899967E+01 -0.59721072E+01
  0.18031585E+01 -0.59770275E+01
  0.18163202E+01 -0.59816918E+01
  0.18294820E+01 -0.59860773E+01
  0.18426437E+01 -0.59901621E+01
  0.18558054E+01 -0.59939256E+01
  0.18689672E+01 -0.59973484E+01
  0.18821289E+01 -0.60004128E+01
  0.18952907E+01 -0.60031027E+01
  0.19084524E+01 -0.60054037E+01
  0.19216141E+01 -0.60073036E+01
  0.19347759E+01 -0.60087921E+01
  0.19479376E+01 -0.60098612E+01
  0.19610994E+01 -0.60105050E+01
  0.19742611E+01 -0.60107200E+01
  0.19873629E+01 -0.60102654E+01
  0.20004646E+01 -0.60089064E+01
  0.20135663E+01 -0.60066571E+01
  0.20266681E+01 -0.60035409E+01
  0.20397698E+01 -0.59995905E+01
  0.20528716E+01 -0.59948480E+01
  0.20659733E+01 -0.59893642E+01
  0.20790751E+01 -0.59831991E+01
  0.20921768E+01 -0.59764213E+01
  0.21052785E+01 -0.59691075E+01
  0.21183803E+01 -0.59613424E+01
  0.21314820E+01 -0.59532177E+01
  0.21445838E+01 -0.59448320E+01
  0.21576855E+01 -0.59362891E+01
  0.21707873E+01 -0.59276977E+01
  0.21838890E+01 -0.59191692E+01
  0.21969907E+01 -0.59108169E+01
  0.22100925E+01 -0.59027538E+01
  0.22231942E+01 -0.58950905E+01
  0.22362960E+01 -0.58879327E+01
  0.22493977E+01 -0.58813788E+01
  0.22624995E+01 -0.58755169E+01
  0.22756012E+01 -0.58704213E+01
  0.22887030E+01 -0.58661498E+01
  0.23018047E+01 -0.58627400E+01
  0.23149064E+01 -0.58602057E+01
  0.23280082E+01 -0.58585337E+01
  0.23411099E+01 -0.58576804E+01
  0.23542117E+01 -0.58575690E+01
  0.23673134E+01 -0.58580864E+01
  0.23804152E+01 -0.58590815E+01
  0.23935169E+01 -0.58603634E+01
  0.24066186E+01 -0.58617013E+01
  0.24197204E+01 -0.58628249E+01
  0.24328221E+01 -0.58212225E+01
  0.24459239E+01 -0.57749447E+01
  0.24590256E+01 -0.57280140E+01
  0.24721274E+01 -0.56804822E+01
  0.24852291E+01 -0.56324038E+01
  0.24983309E+01 -0.55838352E+01
  0.25114326E+01 -0.55348351E+01
  0.25245343E+01 -0.54854639E+01
  0.25376361E+01 -0.54357835E+01
  0.25507378E+01 -0.53858571E+01
  0.25638396E+01 -0.53357485E+01
  0.25769413E+01 -0.52855217E+01
  0.25900431E+01 -0.52352404E+01
  0.26031448E+01 -0.51849670E+01
  0.26162465E+01 -0.51347625E+01
  0.26293483E+01 -0.50846854E+01
  0.26424500E+01 -0.50347909E+01
  0.26555518E+01 -0.49851309E+01
  0.26686535E+01 -0.49357528E+01
  0.26817553E+01 -0.48866992E+01
  0.26948570E+01 -0.48380077E+01
  0.27079588E+01 -0.47897101E+01
  0.27210605E+01 -0.47418328E+01
  0.27341622E+01 -0.46943963E+01
  0.27472640E+01 -0.46474155E+01
  0.27603657E+01 -0.46008999E+01
  0.27734675E+01 -0.45548537E+01
  0.27865692E+01 -0.45092767E+01
  0.27996710E+01 -0.44641647E+01
  0.28127727E+01 -0.44195099E+01
  0.28258744E+01 -0.43753021E+01
  0.28389762E+01 -0.43315297E+01
  0.28520779E+01 -0.42881801E+01
  0.28651797E+01 -0.42452413E+01
  0.28782814E+01 -0.42027031E+01
  0.28913832E+01 -0.41885367E+01
  0.29044849E+01 -0.42015468E+01
  0.29175866E+01 -0.42137387E+01
  0.29306884E+01 -0.42251166E+01
  0.29437901E+01 -0.42356851E+01
  0.29568919E+01 -0.42454487E+01
  0.29699936E+01 -0.42544121E+01
  0.29830954E+01 -0.42625801E+01
  0.29961971E+01 -0.42699574E+01
  0.30092989E+01 -0.42765490E+01
  0.30224006E+01 -0.42823601E+01
  0.30355023E+01 -0.42873966E+01
  0.30486041E+01 -0.42916668E+01
  0.30617058E+01 -0.42951834E+01
  0.30748076E+01 -0.42979732E+01
  0.30879093E+01 -0.43001023E+01
  0.31010111E+01 -0.43017606E+01
  0.31141128E+01 -0.43034721E+01
  
  0.00000000E+00 -0.36076961E+01
  0.13161741E-01 -0.36122422E+01
  0.26323481E-01 -0.36252916E+01
  0.39485222E-01 -0.36454067E+01
  0.52646963E-01 -0.36709335E+01
  0.65808704E-01 -0.37004315E+01
  0.78970444E-01 -0.37328009E+01
  0.92132185E-01 -0.37672481E+01
  0.10529393E+00 -0.38032103E+01
  0.11845567E+00 -0.38402864E+01
  0.13161741E+00 -0.38781863E+01
  0.14477915E+00 -0.39166966E+01
  0.15794089E+00 -0.39556574E+01
  0.17110263E+00 -0.39949462E+01
  0.18426437E+00 -0.40344683E+01
  0.19742611E+00 -0.40741487E+01
  0.21058785E+00 -0.41139275E+01
  0.22374959E+00 -0.41537565E+01
  0.23691133E+00 -0.41780276E+01
  0.25007307E+00 -0.41641578E+01
  0.26323481E+00 -0.41496286E+01
  0.27639656E+00 -0.41344582E+01
  0.28955830E+00 -0.41186679E+01
  0.30272004E+00 -0.41022820E+01
  0.31588178E+00 -0.40853286E+01
  0.32904352E+00 -0.40678401E+01
  0.34220526E+00 -0.40498540E+01
  0.35536700E+00 -0.40314139E+01
  0.36852874E+00 -0.40125703E+01
  0.38169048E+00 -0.40008041E+01
  0.39485222E+00 -0.40524076E+01
  0.40801396E+00 -0.41050749E+01
  0.42117570E+00 -0.41586753E+01
  0.43433744E+00 -0.42130685E+01
  0.44749918E+00 -0.42681035E+01
  0.46066093E+00 -0.43236167E+01
  0.47382267E+00 -0.43794296E+01
  0.48698441E+00 -0.44353461E+01
  0.50014615E+00 -0.44911485E+01
  0.51330789E+00 -0.45465939E+01
  0.52646963E+00 -0.46014102E+01
  0.53963137E+00 -0.46552938E+01
  0.55279311E+00 -0.47079103E+01
  0.56595485E+00 -0.47588998E+01
  0.57911659E+00 -0.48078903E+01
  0.59227833E+00 -0.48545193E+01
  0.60544007E+00 -0.48984627E+01
  0.61860181E+00 -0.49394639E+01
  0.63176355E+00 -0.49773566E+01
  0.64492530E+00 -0.50120725E+01
  0.65808704E+00 -0.50436325E+01
  0.67124878E+00 -0.50721254E+01
  0.68441052E+00 -0.50976825E+01
  0.69757226E+00 -0.51204539E+01
  0.71073400E+00 -0.51405915E+01
  0.72389574E+00 -0.51582379E+01
  0.73705748E+00 -0.51735217E+01
  0.75021922E+00 -0.51865556E+01
  0.76338096E+00 -0.51974375E+01
  0.77654270E+00 -0.52062523E+01
  0.78970444E+00 -0.52130745E+01
  0.80286618E+00 -0.52179700E+01
  0.81602792E+00 -0.52209989E+01
  0.82918967E+00 -0.52222166E+01
  0.84235141E+00 -0.52216762E+01
  0.85551315E+00 -0.52194290E+01
  0.86867489E+00 -0.52155261E+01
  0.88183663E+00 -0.52100191E+01
  0.89499837E+00 -0.52029607E+01
  0.90816011E+00 -0.51944055E+01
  0.92132185E+00 -0.51844100E+01
  0.93448359E+00 -0.51730336E+01
  0.94764533E+00 -0.51603383E+01
  0.96080707E+00 -0.51463892E+01
  0.97396881E+00 -0.51312548E+01
  0.98713055E+00 -0.51150070E+01
  0.10002923E+01 -0.50977214E+01
  0.10134540E+01 -0.50794777E+01
  0.10266158E+01 -0.50603595E+01
  0.10397775E+01 -0.50404554E+01
  0.10529393E+01 -0.50630796E+01
  0.10661010E+01 -0.51122251E+01
  0.10792627E+01 -0.51599688E+01
  0.10924245E+01 -0.52059986E+01
  0.11055862E+01 -0.52499437E+01
  0.11187480E+01 -0.52913810E+01
  0.11319097E+01 -0.53298617E+01
  0.11450714E+01 -0.53649678E+01
  0.11582332E+01 -0.53963947E+01
  0.11713949E+01 -0.54240299E+01
  0.11845567E+01 -0.54479864E+01
  0.11977184E+01 -0.54685658E+01
  0.12108801E+01 -0.54861709E+01
  0.12240419E+01 -0.55012136E+01
  0.12372036E+01 -0.55140490E+01
  0.12503654E+01 -0.55249416E+01
  0.12635271E+01 -0.55340539E+01
  0.12766888E+01 -0.55414449E+01
  0.12898506E+01 -0.55470686E+01
  0.13030123E+01 -0.55507689E+01
  0.13161741E+01 -0.55522671E+01
  0.13293358E+01 -0.55511402E+01
  0.13424976E+01 -0.55468140E+01
  0.13556593E+01 -0.55385449E+01
  0.13688210E+01 -0.55254513E+01
  0.13819828E+01 -0.55066039E+01
  0.13951445E+01 -0.54811891E+01
  0.14083063E+01 -0.54487023E+01
  0.14214680E+01 -0.54090745E+01
  0.14346297E+01 -0.53626577E+01
  0.14477915E+01 -0.53100895E+01
  0.14609532E+01 -0.52521251E+01
  0.14741150E+01 -0.51895117E+01
  0.14872767E+01 -0.51229227E+01
  0.15004384E+01 -0.50529386E+01
  0.15136002E+01 -0.49800511E+01
  0.15267619E+01 -0.49046778E+01
  0.15399237E+01 -0.48676621E+01
  0.15530854E+01 -0.48816355E+01
  0.15662471E+01 -0.48952191E+01
  0.15794089E+01 -0.49083577E+01
  0.15925706E+01 -0.49210024E+01
  0.16057324E+01 -0.49331098E+01
  0.16188941E+01 -0.49446416E+01
  0.16320558E+01 -0.49555643E+01
  0.16452176E+01 -0.49658491E+01
  0.16583793E+01 -0.49754719E+01
  0.16715411E+01 -0.49844135E+01
  0.16847028E+01 -0.49926597E+01
  0.16978646E+01 -0.50002015E+01
  0.17110263E+01 -0.50070356E+01
  0.17241880E+01 -0.50131646E+01
  0.17373498E+01 -0.50185975E+01
  0.17505115E+01 -0.50233497E+01
  0.17636733E+01 -0.50274433E+01
  0.17768350E+01 -0.50309069E+01
  0.17899967E+01 -0.50337761E+01
  0.18031585E+01 -0.50360924E+01
  0.18163202E+01 -0.50379031E+01
  0.18294820E+01 -0.50392606E+01
  0.18426437E+01 -0.50402212E+01
  0.18558054E+01 -0.50408441E+01
  0.18689672E+01 -0.50411899E+01
  0.18821289E+01 -0.50413192E+01
  0.18952907E+01 -0.50412909E+01
  0.19084524E+01 -0.50411605E+01
  0.19216141E+01 -0.50409784E+01
  0.19347759E+01 -0.50407884E+01
  0.19479376E+01 -0.50406261E+01
  0.19610994E+01 -0.50405179E+01
  0.19742611E+01 -0.50404800E+01
  0.19873629E+01 -0.50399821E+01
  0.20004646E+01 -0.50384890E+01
  0.20135663E+01 -0.50360026E+01
  0.20266681E+01 -0.50325261E+01
  0.20397698E+01 -0.50280638E+01
  0.20528716E+01 -0.50226213E+01
  0.20659733E+01 -0.50162056E+01
  0.20790751E+01 -0.50088248E+01
  0.20921768E+01 -0.50004879E+01
  0.21052785E+01 -0.49912056E+01
  0.21183803E+01 -0.49809892E+01
  0.21314820E+01 -0.49698516E+01
  0.21445838E+01 -0.49578063E+01
  0.21576855E+01 -0.49448682E+01
  0.21707873E+01 -0.49310527E+01
  0.21838890E+01 -0.49163767E+01
  0.21969907E+01 -0.49008574E+01
  0.22100925E+01 -0.48845130E+01
  0.22231942E+01 -0.48673623E+01
  0.22362960E+01 -0.48494250E+01
  0.22493977E+01 -0.48307210E+01
  0.22624995E+01 -0.48112708E+01
  0.22756012E+01 -0.47910953E+01
  0.22887030E+01 -0.47702157E+01
  0.23018047E+01 -0.47486535E+01
  0.23149064E+01 -0.47264301E+01
  0.23280082E+01 -0.47035672E+01
  0.23411099E+01 -0.46800866E+01
  0.23542117E+01 -0.46560099E+01
  0.23673134E+01 -0.46313588E+01
  0.23804152E+01 -0.46061547E+01
  0.23935169E+01 -0.45804191E+01
  0.24066186E+01 -0.45541733E+01
  0.24197204E+01 -0.45274384E+01
  0.24328221E+01 -0.45002354E+01
  0.24459239E+01 -0.44725855E+01
  0.24590256E+01 -0.44445095E+01
  0.24721274E+01 -0.44160286E+01
  0.24852291E+01 -0.43871638E+01
  0.24983309E+01 -0.43579366E+01
  0.25114326E+01 -0.43283686E+01
  0.25245343E+01 -0.42984820E+01
  0.25376361E+01 -0.42682995E+01
  0.25507378E+01 -0.42378443E+01
  0.25638396E+01 -0.42071407E+01
  0.25769413E+01 -0.41762140E+01
  0.25900431E+01 -0.41450903E+01
  0.26031448E+01 -0.41137974E+01
  0.26162465E+01 -0.40823642E+01
  0.26293483E+01 -0.40508214E+01
  0.26424500E+01 -0.40192013E+01
  0.26555518E+01 -0.39875382E+01
  0.26686535E+01 -0.39558682E+01
  0.26817553E+01 -0.39242298E+01
  0.26948570E+01 -0.38938687E+01
  0.27079588E+01 -0.39192681E+01
  0.27210605E+01 -0.39438698E+01
  0.27341622E+01 -0.39676635E+01
  0.27472640E+01 -0.39906408E+01
  0.27603657E+01 -0.40127950E+01
  0.27734675E+01 -0.40341209E+01
  0.27865692E+01 -0.40546150E+01
  0.27996710E+01 -0.40742747E+01
  0.28127727E+01 -0.40930988E+01
  0.28258744E+01 -0.41110870E+01
  0.28389762E+01 -0.41282399E+01
  0.28520779E+01 -0.41445589E+01
  0.28651797E+01 -0.41600462E+01
  0.28782814E+01 -0.41747043E+01
  0.28913832E+01 -0.41605584E+01
  0.29044849E+01 -0.41188048E+01
  0.29175866E+01 -0.40774465E+01
  0.29306884E+01 -0.40364969E+01
  0.29437901E+01 -0.39959814E+01
  0.29568919E+01 -0.39559413E+01
  0.29699936E+01 -0.39164393E+01
  0.29830954E+01 -0.38775672E+01
  0.29961971E+01 -0.38394558E+01
  0.30092989E+01 -0.38022918E+01
  0.30224006E+01 -0.37663398E+01
  0.30355023E+01 -0.37319780E+01
  0.30486041E+01 -0.36997478E+01
  0.30617058E+01 -0.36704214E+01
  0.30748076E+01 -0.36450766E+01
  0.30879093E+01 -0.36251278E+01
  0.31010111E+01 -0.36121981E+01
  0.31141128E+01 -0.36076961E+01
  
  0.00000000E+00 -0.32440286E+01
  0.13161741E-01 -0.32449010E+01
  0.26323481E-01 -0.32474504E+01
  0.39485222E-01 -0.32517059E+01
  0.52646963E-01 -0.32576771E+01
  0.65808704E-01 -0.32653773E+01
  0.78970444E-01 -0.32748226E+01
  0.92132185E-01 -0.32860321E+01
  0.10529393E+00 -0.32990269E+01
  0.11845567E+00 -0.33138296E+01
  0.13161741E+00 -0.33304637E+01
  0.14477915E+00 -0.33489524E+01
  0.15794089E+00 -0.33693181E+01
  0.17110263E+00 -0.33915813E+01
  0.18426437E+00 -0.34157595E+01
  0.19742611E+00 -0.34418661E+01
  0.21058785E+00 -0.34699099E+01
  0.22374959E+00 -0.34998934E+01
  0.23691133E+00 -0.35318126E+01
  0.25007307E+00 -0.35656554E+01
  0.26323481E+00 -0.36014017E+01
  0.27639656E+00 -0.36390222E+01
  0.28955830E+00 -0.36784783E+01
  0.30272004E+00 -0.37197219E+01
  0.31588178E+00 -0.37626948E+01
  0.32904352E+00 -0.38073295E+01
  0.34220526E+00 -0.38535487E+01
  0.35536700E+00 -0.39012661E+01
  0.36852874E+00 -0.39503859E+01
  0.38169048E+00 -0.39933815E+01
  0.39485222E+00 -0.39739148E+01
  0.40801396E+00 -0.39542478E+01
  0.42117570E+00 -0.39344695E+01
  0.43433744E+00 -0.39146816E+01
  0.44749918E+00 -0.38950001E+01
  0.46066093E+00 -0.38755562E+01
  0.47382267E+00 -0.38564978E+01
  0.48698441E+00 -0.38379905E+01
  0.50014615E+00 -0.38202185E+01
  0.51330789E+00 -0.38033850E+01
  0.52646963E+00 -0.37877119E+01
  0.53963137E+00 -0.37734393E+01
  0.55279311E+00 -0.37608231E+01
  0.56595485E+00 -0.37501320E+01
  0.57911659E+00 -0.37416430E+01
  0.59227833E+00 -0.37356345E+01
  0.60544007E+00 -0.37323787E+01
  0.61860181E+00 -0.37321313E+01
  0.63176355E+00 -0.37351214E+01
  0.64492530E+00 -0.37415403E+01
  0.65808704E+00 -0.37515314E+01
  0.67124878E+00 -0.37651826E+01
  0.68441052E+00 -0.37825219E+01
  0.69757226E+00 -0.38035160E+01
  0.71073400E+00 -0.38280741E+01
  0.72389574E+00 -0.38560546E+01
  0.73705748E+00 -0.38872739E+01
  0.75021922E+00 -0.39215174E+01
  0.76338096E+00 -0.39585497E+01
  0.77654270E+00 -0.39981243E+01
  0.78970444E+00 -0.40399920E+01
  0.80286618E+00 -0.40839073E+01
  0.81602792E+00 -0.41296329E+01
  0.82918967E+00 -0.41769432E+01
  0.84235141E+00 -0.42256262E+01
  0.85551315E+00 -0.42754839E+01
  0.86867489E+00 -0.43263326E+01
  0.88183663E+00 -0.43780022E+01
  0.89499837E+00 -0.44303356E+01
  0.90816011E+00 -0.44831869E+01
  0.92132185E+00 -0.45364205E+01
  0.93448359E+00 -0.45899090E+01
  0.94764533E+00 -0.46435317E+01
  0.96080707E+00 -0.46971726E+01
  0.97396881E+00 -0.47507176E+01
  0.98713055E+00 -0.48040525E+01
  0.10002923E+01 -0.48570594E+01
  0.10134540E+01 -0.49096129E+01
  0.10266158E+01 -0.49615755E+01
  0.10397775E+01 -0.50127914E+01
  0.10529393E+01 -0.50198584E+01
  0.10661010E+01 -0.49986675E+01
  0.10792627E+01 -0.49769873E+01
  0.10924245E+01 -0.49549297E+01
  0.11055862E+01 -0.49326140E+01
  0.11187480E+01 -0.49101685E+01
  0.11319097E+01 -0.48877316E+01
  0.11450714E+01 -0.48654532E+01
  0.11582332E+01 -0.48434957E+01
  0.11713949E+01 -0.48220359E+01
  0.11845567E+01 -0.48012656E+01
  0.11977184E+01 -0.47813922E+01
  0.12108801E+01 -0.47626375E+01
  0.12240419E+01 -0.47452358E+01
  0.12372036E+01 -0.47294283E+01
  0.12503654E+01 -0.47154555E+01
  0.12635271E+01 -0.47035457E+01
  0.12766888E+01 -0.46939003E+01
  0.12898506E+01 -0.46866776E+01
  0.13030123E+01 -0.46819783E+01
  0.13161741E+01 -0.46798331E+01
  0.13293358E+01 -0.46802029E+01
  0.13424976E+01 -0.46829701E+01
  0.13556593E+01 -0.46879613E+01
  0.13688210E+01 -0.46949592E+01
  0.13819828E+01 -0.47037204E+01
  0.13951445E+01 -0.47139913E+01
  0.14083063E+01 -0.47255219E+01
  0.14214680E+01 -0.47380746E+01
  0.14346297E+01 -0.47514306E+01
  0.14477915E+01 -0.47653919E+01
  0.14609532E+01 -0.47797824E+01
  0.14741150E+01 -0.47944468E+01
  0.14872767E+01 -0.48092487E+01
  0.15004384E+01 -0.48240690E+01
  0.15136002E+01 -0.48388036E+01
  0.15267619E+01 -0.48533614E+01
  0.15399237E+01 -0.48271782E+01
  0.15530854E+01 -0.47478678E+01
  0.15662471E+01 -0.46670295E+01
  0.15794089E+01 -0.45849228E+01
  0.15925706E+01 -0.45017900E+01
  0.16057324E+01 -0.44178613E+01
  0.16188941E+01 -0.43333584E+01
  0.16320558E+01 -0.42484968E+01
  0.16452176E+01 -0.41634871E+01
  0.16583793E+01 -0.40785368E+01
  0.16715411E+01 -0.39938498E+01
  0.16847028E+01 -0.39096273E+01
  0.16978646E+01 -0.38260677E+01
  0.17110263E+01 -0.37433659E+01
  0.17241880E+01 -0.36617134E+01
  0.17373498E+01 -0.36546376E+01
  0.17505115E+01 -0.36567534E+01
  0.17636733E+01 -0.36595407E+01
  0.17768350E+01 -0.36629026E+01
  0.17899967E+01 -0.36667371E+01
  0.18031585E+01 -0.36709387E+01
  0.18163202E+01 -0.36753995E+01
  0.18294820E+01 -0.36800106E+01
  0.18426437E+01 -0.36846639E+01
  0.18558054E+01 -0.36892533E+01
  0.18689672E+01 -0.36936763E+01
  0.18821289E+01 -0.36978357E+01
  0.18952907E+01 -0.37016411E+01
  0.19084524E+01 -0.37050103E+01
  0.19216141E+01 -0.37078710E+01
  0.19347759E+01 -0.37101619E+01
  0.19479376E+01 -0.37118342E+01
  0.19610994E+01 -0.37128520E+01
  0.19742611E+01 -0.37131937E+01
  0.19873629E+01 -0.37127316E+01
  0.20004646E+01 -0.37113469E+01
  0.20135663E+01 -0.37090442E+01
  0.20266681E+01 -0.37058310E+01
  0.20397698E+01 -0.37017178E+01
  0.20528716E+01 -0.36967179E+01
  0.20659733E+01 -0.36908474E+01
  0.20790751E+01 -0.36841246E+01
  0.20921768E+01 -0.36765705E+01
  0.21052785E+01 -0.36682079E+01
  0.21183803E+01 -0.36590617E+01
  0.21314820E+01 -0.36491583E+01
  0.21445838E+01 -0.36385255E+01
  0.21576855E+01 -0.36271924E+01
  0.21707873E+01 -0.36151886E+01
  0.21838890E+01 -0.36025446E+01
  0.21969907E+01 -0.35892909E+01
  0.22100925E+01 -0.35754581E+01
  0.22231942E+01 -0.35610767E+01
  0.22362960E+01 -0.35461762E+01
  0.22493977E+01 -0.35307859E+01
  0.22624995E+01 -0.35149335E+01
  0.22756012E+01 -0.34986460E+01
  0.22887030E+01 -0.34819487E+01
  0.23018047E+01 -0.34648654E+01
  0.23149064E+01 -0.34474183E+01
  0.23280082E+01 -0.34296280E+01
  0.23411099E+01 -0.34115134E+01
  0.23542117E+01 -0.33930916E+01
  0.23673134E+01 -0.33743783E+01
  0.23804152E+01 -0.33553879E+01
  0.23935169E+01 -0.33361336E+01
  0.24066186E+01 -0.33166280E+01
  0.24197204E+01 -0.32968832E+01
  0.24328221E+01 -0.32769116E+01
  0.24459239E+01 -0.32943211E+01
  0.24590256E+01 -0.33288859E+01
  0.24721274E+01 -0.33634729E+01
  0.24852291E+01 -0.33980028E+01
  0.24983309E+01 -0.34323999E+01
  0.25114326E+01 -0.34665924E+01
  0.25245343E+01 -0.35005126E+01
  0.25376361E+01 -0.35340974E+01
  0.25507378E+01 -0.35672881E+01
  0.25638396E+01 -0.36000302E+01
  0.25769413E+01 -0.36322741E+01
  0.25900431E+01 -0.36639744E+01
  0.26031448E+01 -0.36950898E+01
  0.26162465E+01 -0.37255833E+01
  0.26293483E+01 -0.37554217E+01
  0.26424500E+01 -0.37845754E+01
  0.26555518E+01 -0.38130184E+01
  0.26686535E+01 -0.38407277E+01
  0.26817553E+01 -0.38676835E+01
  0.26948570E+01 -0.38926630E+01
  0.27079588E+01 -0.38612113E+01
  0.27210605E+01 -0.38299190E+01
  0.27341622E+01 -0.37988337E+01
  0.27472640E+01 -0.37680049E+01
  0.27603657E+01 -0.37374843E+01
  0.27734675E+01 -0.37073260E+01
  0.27865692E+01 -0.36775860E+01
  0.27996710E+01 -0.36483220E+01
  0.28127727E+01 -0.36195937E+01
  0.28258744E+01 -0.35914621E+01
  0.28389762E+01 -0.35639894E+01
  0.28520779E+01 -0.35372389E+01
  0.28651797E+01 -0.35112744E+01
  0.28782814E+01 -0.34861599E+01
  0.28913832E+01 -0.34619594E+01
  0.29044849E+01 -0.34387365E+01
  0.29175866E+01 -0.34165538E+01
  0.29306884E+01 -0.33954727E+01
  0.29437901E+01 -0.33755530E+01
  0.29568919E+01 -0.33568522E+01
  0.29699936E+01 -0.33394257E+01
  0.29830954E+01 -0.33233257E+01
  0.29961971E+01 -0.33086014E+01
  0.30092989E+01 -0.32952983E+01
  0.30224006E+01 -0.32834581E+01
  0.30355023E+01 -0.32731182E+01
  0.30486041E+01 -0.32643118E+01
  0.30617058E+01 -0.32570671E+01
  0.30748076E+01 -0.32514077E+01
  0.30879093E+01 -0.32473519E+01
  0.31010111E+01 -0.32449124E+01
  0.31141128E+01 -0.32440286E+01
  
  0.00000000E+00 -0.32440283E+01
  0.13161741E-01 -0.32399018E+01
  0.26323481E-01 -0.32281837E+01
  0.39485222E-01 -0.32102982E+01
  0.52646963E-01 -0.31879145E+01
  0.65808704E-01 -0.31624944E+01
  0.78970444E-01 -0.31351637E+01
  0.92132185E-01 -0.31067459E+01
  0.10529393E+00 -0.30778376E+01
  0.11845567E+00 -0.30488758E+01
  0.13161741E+00 -0.30201875E+01
  0.14477915E+00 -0.29920233E+01
  0.15794089E+00 -0.29645794E+01
  0.17110263E+00 -0.29380121E+01
  0.18426437E+00 -0.29124471E+01
  0.19742611E+00 -0.28879859E+01
  0.21058785E+00 -0.28647097E+01
  0.22374959E+00 -0.28426826E+01
  0.23691133E+00 -0.28219536E+01
  0.25007307E+00 -0.28025585E+01
  0.26323481E+00 -0.27845205E+01
  0.27639656E+00 -0.27678523E+01
  0.28955830E+00 -0.27525564E+01
  0.30272004E+00 -0.27386268E+01
  0.31588178E+00 -0.27260496E+01
  0.32904352E+00 -0.27148043E+01
  0.34220526E+00 -0.27048651E+01
  0.35536700E+00 -0.26962015E+01
  0.36852874E+00 -0.26887794E+01
  0.38169048E+00 -0.26825626E+01
  0.39485222E+00 -0.26775133E+01
  0.40801396E+00 -0.26735927E+01
  0.42117570E+00 -0.26707627E+01
  0.43433744E+00 -0.26689855E+01
  0.44749918E+00 -0.26682251E+01
  0.46066093E+00 -0.26684472E+01
  0.47382267E+00 -0.26696201E+01
  0.48698441E+00 -0.26717146E+01
  0.50014615E+00 -0.26747046E+01
  0.51330789E+00 -0.26785671E+01
  0.52646963E+00 -0.26832825E+01
  0.53963137E+00 -0.26888342E+01
  0.55279311E+00 -0.26952091E+01
  0.56595485E+00 -0.27023974E+01
  0.57911659E+00 -0.27103920E+01
  0.59227833E+00 -0.27191891E+01
  0.60544007E+00 -0.27287871E+01
  0.61860181E+00 -0.27391872E+01
  0.63176355E+00 -0.27503926E+01
  0.64492530E+00 -0.27624080E+01
  0.65808704E+00 -0.27752397E+01
  0.67124878E+00 -0.27888952E+01
  0.68441052E+00 -0.28033822E+01
  0.69757226E+00 -0.28187089E+01
  0.71073400E+00 -0.28348832E+01
  0.72389574E+00 -0.28519124E+01
  0.73705748E+00 -0.28698025E+01
  0.75021922E+00 -0.28885582E+01
  0.76338096E+00 -0.29081823E+01
  0.77654270E+00 -0.29286753E+01
  0.78970444E+00 -0.29500350E+01
  0.80286618E+00 -0.29722563E+01
  0.81602792E+00 -0.29953307E+01
  0.82918967E+00 -0.30192462E+01
  0.84235141E+00 -0.30439868E+01
  0.85551315E+00 -0.30695328E+01
  0.86867489E+00 -0.30958600E+01
  0.88183663E+00 -0.31229400E+01
  0.89499837E+00 -0.31507398E+01
  0.90816011E+00 -0.31792221E+01
  0.92132185E+00 -0.32083449E+01
  0.93448359E+00 -0.32380616E+01
  0.94764533E+00 -0.32683209E+01
  0.96080707E+00 -0.32990672E+01
  0.97396881E+00 -0.33302400E+01
  0.98713055E+00 -0.33617745E+01
  0.10002923E+01 -0.33936010E+01
  0.10134540E+01 -0.34256453E+01
  0.10266158E+01 -0.34578286E+01
  0.10397775E+01 -0.34900669E+01
  0.10529393E+01 -0.35222714E+01
  0.10661010E+01 -0.35543475E+01
  0.10792627E+01 -0.35861950E+01
  0.10924245E+01 -0.36177072E+01
  0.11055862E+01 -0.36487699E+01
  0.11187480E+01 -0.36792611E+01
  0.11319097E+01 -0.37090497E+01
  0.11450714E+01 -0.37379940E+01
  0.11582332E+01 -0.37659413E+01
  0.11713949E+01 -0.37927258E+01
  0.11845567E+01 -0.38181687E+01
  0.11977184E+01 -0.38420773E+01
  0.12108801E+01 -0.38642466E+01
  0.12240419E+01 -0.38844612E+01
  0.12372036E+01 -0.39025014E+01
  0.12503654E+01 -0.39181503E+01
  0.12635271E+01 -0.39312063E+01
  0.12766888E+01 -0.39414970E+01
  0.12898506E+01 -0.39488960E+01
  0.13030123E+01 -0.39533374E+01
  0.13161741E+01 -0.39548279E+01
  0.13293358E+01 -0.39534466E+01
  0.13424976E+01 -0.39493549E+01
  0.13556593E+01 -0.39427720E+01
  0.13688210E+01 -0.39339634E+01
  0.13819828E+01 -0.39232234E+01
  0.13951445E+01 -0.39108583E+01
  0.14083063E+01 -0.38971728E+01
  0.14214680E+01 -0.38824602E+01
  0.14346297E+01 -0.38669962E+01
  0.14477915E+01 -0.38510360E+01
  0.14609532E+01 -0.38348125E+01
  0.14741150E+01 -0.38185372E+01
  0.14872767E+01 -0.38024004E+01
  0.15004384E+01 -0.37865733E+01
  0.15136002E+01 -0.37712082E+01
  0.15267619E+01 -0.37564408E+01
  0.15399237E+01 -0.37423903E+01
  0.15530854E+01 -0.37291604E+01
  0.15662471E+01 -0.37168402E+01
  0.15794089E+01 -0.37055041E+01
  0.15925706E+01 -0.36952124E+01
  0.16057324E+01 -0.36860114E+01
  0.16188941E+01 -0.36779336E+01
  0.16320558E+01 -0.36709979E+01
  0.16452176E+01 -0.36652097E+01
  0.16583793E+01 -0.36605614E+01
  0.16715411E+01 -0.36570324E+01
  0.16847028E+01 -0.36545901E+01
  0.16978646E+01 -0.36531900E+01
  0.17110263E+01 -0.36527766E+01
  0.17241880E+01 -0.36532842E+01
  0.17373498E+01 -0.35812976E+01
  0.17505115E+01 -0.35023019E+01
  0.17636733E+01 -0.34249056E+01
  0.17768350E+01 -0.33492834E+01
  0.17899967E+01 -0.32756071E+01
  0.18031585E+01 -0.32040458E+01
  0.18163202E+01 -0.31347690E+01
  0.18294820E+01 -0.30679498E+01
  0.18426437E+01 -0.30037709E+01
  0.18558054E+01 -0.29424342E+01
  0.18689672E+01 -0.28841757E+01
  0.18821289E+01 -0.28292886E+01
  0.18952907E+01 -0.27781608E+01
  0.19084524E+01 -0.27313337E+01
  0.19216141E+01 -0.26895901E+01
  0.19347759E+01 -0.26540716E+01
  0.19479376E+01 -0.26263784E+01
  0.19610994E+01 -0.26084949E+01
  0.19742611E+01 -0.26022703E+01
  0.19873629E+01 -0.26027371E+01
  0.20004646E+01 -0.26041403E+01
  0.20135663E+01 -0.26064879E+01
  0.20266681E+01 -0.26097928E+01
  0.20397698E+01 -0.26140727E+01
  0.20528716E+01 -0.26193495E+01
  0.20659733E+01 -0.26256486E+01
  0.20790751E+01 -0.26329980E+01
  0.20921768E+01 -0.26414280E+01
  0.21052785E+01 -0.26509694E+01
  0.21183803E+01 -0.26616534E+01
  0.21314820E+01 -0.26735096E+01
  0.21445838E+01 -0.26865660E+01
  0.21576855E+01 -0.27008471E+01
  0.21707873E+01 -0.27163733E+01
  0.21838890E+01 -0.27331600E+01
  0.21969907E+01 -0.27512164E+01
  0.22100925E+01 -0.27705453E+01
  0.22231942E+01 -0.27911421E+01
  0.22362960E+01 -0.28129945E+01
  0.22493977E+01 -0.28360820E+01
  0.22624995E+01 -0.28603761E+01
  0.22756012E+01 -0.28858398E+01
  0.22887030E+01 -0.29124284E+01
  0.23018047E+01 -0.29400891E+01
  0.23149064E+01 -0.29687621E+01
  0.23280082E+01 -0.29983809E+01
  0.23411099E+01 -0.30288730E+01
  0.23542117E+01 -0.30601611E+01
  0.23673134E+01 -0.30921634E+01
  0.23804152E+01 -0.31247952E+01
  0.23935169E+01 -0.31579694E+01
  0.24066186E+01 -0.31915976E+01
  0.24197204E+01 -0.32255909E+01
  0.24328221E+01 -0.32598611E+01
  0.24459239E+01 -0.32567262E+01
  0.24590256E+01 -0.32363413E+01
  0.24721274E+01 -0.32157734E+01
  0.24852291E+01 -0.31950419E+01
  0.24983309E+01 -0.31741697E+01
  0.25114326E+01 -0.31531845E+01
  0.25245343E+01 -0.31321194E+01
  0.25376361E+01 -0.31110140E+01
  0.25507378E+01 -0.30899152E+01
  0.25638396E+01 -0.30688780E+01
  0.25769413E+01 -0.30479665E+01
  0.25900431E+01 -0.30272543E+01
  0.26031448E+01 -0.30068249E+01
  0.26162465E+01 -0.29867724E+01
  0.26293483E+01 -0.29672008E+01
  0.26424500E+01 -0.29482245E+01
  0.26555518E+01 -0.29299668E+01
  0.26686535E+01 -0.29125597E+01
  0.26817553E+01 -0.28961420E+01
  0.26948570E+01 -0.28808575E+01
  0.27079588E+01 -0.28668533E+01
  0.27210605E+01 -0.28542769E+01
  0.27341622E+01 -0.28432735E+01
  0.27472640E+01 -0.28339834E+01
  0.27603657E+01 -0.28265387E+01
  0.27734675E+01 -0.28210603E+01
  0.27865692E+01 -0.28176550E+01
  0.27996710E+01 -0.28164132E+01
  0.28127727E+01 -0.28174061E+01
  0.28258744E+01 -0.28206843E+01
  0.28389762E+01 -0.28262762E+01
  0.28520779E+01 -0.28341872E+01
  0.28651797E+01 -0.28443996E+01
  0.28782814E+01 -0.28568722E+01
  0.28913832E+01 -0.28715413E+01
  0.29044849E+01 -0.28883209E+01
  0.29175866E+01 -0.29071040E+01
  0.29306884E+01 -0.29277622E+01
  0.29437901E+01 -0.29501466E+01
  0.29568919E+01 -0.29740861E+01
  0.29699936E+01 -0.29993856E+01
  0.29830954E+01 -0.30258210E+01
  0.29961971E+01 -0.30531316E+01
  0.30092989E+01 -0.30810062E+01
  0.30224006E+01 -0.31090626E+01
  0.30355023E+01 -0.31368148E+01
  0.30486041E+01 -0.31636247E+01
  0.30617058E+01 -0.31886354E+01
  0.30748076E+01 -0.32106986E+01
  0.30879093E+01 -0.32283442E+01
  0.31010111E+01 -0.32399089E+01
  0.31141128E+01 -0.32440283E+01
  
  0.00000000E+00 -0.16370771E+01
  0.13161741E-01 -0.16372997E+01
  0.26323481E-01 -0.16379678E+01
  0.39485222E-01 -0.16390817E+01
  0.52646963E-01 -0.16406420E+01
  0.65808704E-01 -0.16426497E+01
  0.78970444E-01 -0.16451064E+01
  0.92132185E-01 -0.16480143E+01
  0.10529393E+00 -0.16513765E+01
  0.11845567E+00 -0.16551975E+01
  0.13161741E+00 -0.16594832E+01
  0.14477915E+00 -0.16642415E+01
  0.15794089E+00 -0.16694827E+01
  0.17110263E+00 -0.16752201E+01
  0.18426437E+00 -0.16814702E+01
  0.19742611E+00 -0.16882534E+01
  0.21058785E+00 -0.16955945E+01
  0.22374959E+00 -0.17035227E+01
  0.23691133E+00 -0.17120719E+01
  0.25007307E+00 -0.17212812E+01
  0.26323481E+00 -0.17311940E+01
  0.27639656E+00 -0.17418580E+01
  0.28955830E+00 -0.17533247E+01
  0.30272004E+00 -0.17656478E+01
  0.31588178E+00 -0.17788826E+01
  0.32904352E+00 -0.17930840E+01
  0.34220526E+00 -0.18083046E+01
  0.35536700E+00 -0.18245928E+01
  0.36852874E+00 -0.18419900E+01
  0.38169048E+00 -0.18605289E+01
  0.39485222E+00 -0.18802297E+01
  0.40801396E+00 -0.19010988E+01
  0.42117570E+00 -0.19231253E+01
  0.43433744E+00 -0.19462793E+01
  0.44749918E+00 -0.19705096E+01
  0.46066093E+00 -0.19957420E+01
  0.47382267E+00 -0.20218782E+01
  0.48698441E+00 -0.20487946E+01
  0.50014615E+00 -0.20763421E+01
  0.51330789E+00 -0.21043466E+01
  0.52646963E+00 -0.21326092E+01
  0.53963137E+00 -0.21609088E+01
  0.55279311E+00 -0.21890039E+01
  0.56595485E+00 -0.22166367E+01
  0.57911659E+00 -0.22435381E+01
  0.59227833E+00 -0.22694339E+01
  0.60544007E+00 -0.22940526E+01
  0.61860181E+00 -0.23171345E+01
  0.63176355E+00 -0.23384410E+01
  0.64492530E+00 -0.23577647E+01
  0.65808704E+00 -0.23749373E+01
  0.67124878E+00 -0.23898360E+01
  0.68441052E+00 -0.24023868E+01
  0.69757226E+00 -0.24125633E+01
  0.71073400E+00 -0.24203826E+01
  0.72389574E+00 -0.24258975E+01
  0.73705748E+00 -0.24291871E+01
  0.75021922E+00 -0.24303458E+01
  0.76338096E+00 -0.24294741E+01
  0.77654270E+00 -0.24266696E+01
  0.78970444E+00 -0.24220203E+01
  0.80286618E+00 -0.24156008E+01
  0.81602792E+00 -0.24074694E+01
  0.82918967E+00 -0.23976683E+01
  0.84235141E+00 -0.23862249E+01
  0.85551315E+00 -0.23731535E+01
  0.86867489E+00 -0.23584593E+01
  0.88183663E+00 -0.23421415E+01
  0.89499837E+00 -0.23241972E+01
  0.90816011E+00 -0.23046257E+01
  0.92132185E+00 -0.22834315E+01
  0.93448359E+00 -0.22606285E+01
  0.94764533E+00 -0.22362424E+01
  0.96080707E+00 -0.22103137E+01
  0.97396881E+00 -0.21828996E+01
  0.98713055E+00 -0.21540762E+01
  0.10002923E+01 -0.21239394E+01
  0.10134540E+01 -0.20926056E+01
  0.10266158E+01 -0.20602127E+01
  0.10397775E+01 -0.20269193E+01
  0.10529393E+01 -0.19929048E+01
  0.10661010E+01 -0.19583683E+01
  0.10792627E+01 -0.19235272E+01
  0.10924245E+01 -0.18886161E+01
  0.11055862E+01 -0.18538838E+01
  0.11187480E+01 -0.18195914E+01
  0.11319097E+01 -0.17860092E+01
  0.11450714E+01 -0.17534124E+01
  0.11582332E+01 -0.17220778E+01
  0.11713949E+01 -0.16922782E+01
  0.11845567E+01 -0.16642776E+01
  0.11977184E+01 -0.16383253E+01
  0.12108801E+01 -0.16146494E+01
  0.12240419E+01 -0.15934514E+01
  0.12372036E+01 -0.15748994E+01
  0.12503654E+01 -0.15591235E+01
  0.12635271E+01 -0.15462112E+01
  0.12766888E+01 -0.15362043E+01
  0.12898506E+01 -0.15290982E+01
  0.13030123E+01 -0.15248423E+01
  0.13161741E+01 -0.15233423E+01
  0.13293358E+01 -0.15244689E+01
  0.13424976E+01 -0.15280513E+01
  0.13556593E+01 -0.15338958E+01
  0.13688210E+01 -0.15417895E+01
  0.13819828E+01 -0.15515067E+01
  0.13951445E+01 -0.15628164E+01
  0.14083063E+01 -0.15754881E+01
  0.14214680E+01 -0.15892972E+01
  0.14346297E+01 -0.16040296E+01
  0.14477915E+01 -0.16194844E+01
  0.14609532E+01 -0.16354773E+01
  0.14741150E+01 -0.16518413E+01
  0.14872767E+01 -0.16684283E+01
  0.15004384E+01 -0.16851092E+01
  0.15136002E+01 -0.17017740E+01
  0.15267619E+01 -0.17183313E+01
  0.15399237E+01 -0.17347076E+01
  0.15530854E+01 -0.17508467E+01
  0.15662471E+01 -0.17667086E+01
  0.15794089E+01 -0.17822688E+01
  0.15925706E+01 -0.17975170E+01
  0.16057324E+01 -0.18124563E+01
  0.16188941E+01 -0.18271022E+01
  0.16320558E+01 -0.18414816E+01
  0.16452176E+01 -0.18556321E+01
  0.16583793E+01 -0.18696006E+01
  0.16715411E+01 -0.18834427E+01
  0.16847028E+01 -0.18972218E+01
  0.16978646E+01 -0.19110079E+01
  0.17110263E+01 -0.19248770E+01
  0.17241880E+01 -0.19389096E+01
  0.17373498E+01 -0.19531901E+01
  0.17505115E+01 -0.19678049E+01
  0.17636733E+01 -0.19828413E+01
  0.17768350E+01 -0.19983859E+01
  0.17899967E+01 -0.20145218E+01
  0.18031585E+01 -0.20313262E+01
  0.18163202E+01 -0.20488664E+01
  0.18294820E+01 -0.20671948E+01
  0.18426437E+01 -0.20863413E+01
  0.18558054E+01 -0.21063030E+01
  0.18689672E+01 -0.21270275E+01
  0.18821289E+01 -0.21483891E+01
  0.18952907E+01 -0.21701497E+01
  0.19084524E+01 -0.21918999E+01
  0.19216141E+01 -0.22129697E+01
  0.19347759E+01 -0.22323110E+01
  0.19479376E+01 -0.22483963E+01
  0.19610994E+01 -0.22592941E+01
  0.19742611E+01 -0.22631866E+01
  0.19873629E+01 -0.22639857E+01
  0.20004646E+01 -0.22663752E+01
  0.20135663E+01 -0.22703323E+01
  0.20266681E+01 -0.22758189E+01
  0.20397698E+01 -0.22827817E+01
  0.20528716E+01 -0.22911523E+01
  0.20659733E+01 -0.23008472E+01
  0.20790751E+01 -0.23117683E+01
  0.20921768E+01 -0.23238029E+01
  0.21052785E+01 -0.23368241E+01
  0.21183803E+01 -0.23506913E+01
  0.21314820E+01 -0.23652508E+01
  0.21445838E+01 -0.23803367E+01
  0.21576855E+01 -0.23957717E+01
  0.21707873E+01 -0.24113685E+01
  0.21838890E+01 -0.24269311E+01
  0.21969907E+01 -0.24422567E+01
  0.22100925E+01 -0.24571373E+01
  0.22231942E+01 -0.24713625E+01
  0.22362960E+01 -0.24847214E+01
  0.22493977E+01 -0.24970059E+01
  0.22624995E+01 -0.25080134E+01
  0.22756012E+01 -0.25175496E+01
  0.22887030E+01 -0.25254323E+01
  0.23018047E+01 -0.25314939E+01
  0.23149064E+01 -0.25355849E+01
  0.23280082E+01 -0.25375762E+01
  0.23411099E+01 -0.25373616E+01
  0.23542117E+01 -0.25348598E+01
  0.23673134E+01 -0.25300163E+01
  0.23804152E+01 -0.25228034E+01
  0.23935169E+01 -0.25132215E+01
  0.24066186E+01 -0.25012982E+01
  0.24197204E+01 -0.24870882E+01
  0.24328221E+01 -0.24706715E+01
  0.24459239E+01 -0.24521523E+01
  0.24590256E+01 -0.24316565E+01
  0.24721274E+01 -0.24093301E+01
  0.24852291E+01 -0.23853362E+01
  0.24983309E+01 -0.23598526E+01
  0.25114326E+01 -0.23330691E+01
  0.25245343E+01 -0.23051848E+01
  0.25376361E+01 -0.22764051E+01
  0.25507378E+01 -0.22469391E+01
  0.25638396E+01 -0.22169964E+01
  0.25769413E+01 -0.21867847E+01
  0.25900431E+01 -0.21565068E+01
  0.26031448E+01 -0.21263580E+01
  0.26162465E+01 -0.20965232E+01
  0.26293483E+01 -0.20671752E+01
  0.26424500E+01 -0.20384720E+01
  0.26555518E+01 -0.20105551E+01
  0.26686535E+01 -0.19835480E+01
  0.26817553E+01 -0.19575556E+01
  0.26948570E+01 -0.19326630E+01
  0.27079588E+01 -0.19089356E+01
  0.27210605E+01 -0.18864198E+01
  0.27341622E+01 -0.18651435E+01
  0.27472640E+01 -0.18451175E+01
  0.27603657E+01 -0.18263370E+01
  0.27734675E+01 -0.18087838E+01
  0.27865692E+01 -0.17924278E+01
  0.27996710E+01 -0.17772295E+01
  0.28127727E+01 -0.17631422E+01
  0.28258744E+01 -0.17501137E+01
  0.28389762E+01 -0.17380886E+01
  0.28520779E+01 -0.17270096E+01
  0.28651797E+01 -0.17168195E+01
  0.28782814E+01 -0.17074622E+01
  0.28913832E+01 -0.16988835E+01
  0.29044849E+01 -0.16910323E+01
  0.29175866E+01 -0.16838612E+01
  0.29306884E+01 -0.16773262E+01
  0.29437901E+01 -0.16713878E+01
  0.29568919E+01 -0.16660104E+01
  0.29699936E+01 -0.16611622E+01
  0.29830954E+01 -0.16568155E+01
  0.29961971E+01 -0.16529463E+01
  0.30092989E+01 -0.16495336E+01
  0.30224006E+01 -0.16465599E+01
  0.30355023E+01 -0.16440102E+01
  0.30486041E+01 -0.16418723E+01
  0.30617058E+01 -0.16401359E+01
  0.30748076E+01 -0.16387933E+01
  0.30879093E+01 -0.16378385E+01
  0.31010111E+01 -0.16372672E+01
  0.31141128E+01 -0.16370771E+01
  
  0.00000000E+00  0.22146566E+01
  0.13161741E-01  0.22136081E+01
  0.26323481E-01  0.22112292E+01
  0.39485222E-01  0.22073388E+01
  0.52646963E-01  0.22019750E+01
  0.65808704E-01  0.21952104E+01
  0.78970444E-01  0.21871388E+01
  0.92132185E-01  0.21778726E+01
  0.10529393E+00  0.21675407E+01
  0.11845567E+00  0.21562863E+01
  0.13161741E+00  0.21442649E+01
  0.14477915E+00  0.21316414E+01
  0.15794089E+00  0.21185884E+01
  0.17110263E+00  0.21052826E+01
  0.18426437E+00  0.20919027E+01
  0.19742611E+00  0.20786267E+01
  0.21058785E+00  0.20656291E+01
  0.22374959E+00  0.20530786E+01
  0.23691133E+00  0.20411355E+01
  0.25007307E+00  0.20299500E+01
  0.26323481E+00  0.20115689E+01
  0.27639656E+00  0.19719707E+01
  0.28955830E+00  0.19325464E+01
  0.30272004E+00  0.18935126E+01
  0.31588178E+00  0.18550750E+01
  0.32904352E+00  0.18174248E+01
  0.34220526E+00  0.17807354E+01
  0.35536700E+00  0.17451589E+01
  0.36852874E+00  0.17108222E+01
  0.38169048E+00  0.16778242E+01
  0.39485222E+00  0.16462325E+01
  0.40801396E+00  0.16160820E+01
  0.42117570E+00  0.15873743E+01
  0.43433744E+00  0.15600792E+01
  0.44749918E+00  0.15341389E+01
  0.46066093E+00  0.15094752E+01
  0.47382267E+00  0.14859989E+01
  0.48698441E+00  0.14636225E+01
  0.50014615E+00  0.14422731E+01
  0.51330789E+00  0.14219054E+01
  0.52646963E+00  0.14025106E+01
  0.53963137E+00  0.13841222E+01
  0.55279311E+00  0.13668155E+01
  0.56595485E+00  0.13507034E+01
  0.57911659E+00  0.13359283E+01
  0.59227833E+00  0.13226526E+01
  0.60544007E+00  0.13110487E+01
  0.61860181E+00  0.13012893E+01
  0.63176355E+00  0.12935396E+01
  0.64492530E+00  0.12879498E+01
  0.65808704E+00  0.12846494E+01
  0.67124878E+00  0.12837423E+01
  0.68441052E+00  0.12853025E+01
  0.69757226E+00  0.12893705E+01
  0.71073400E+00  0.12959503E+01
  0.72389574E+00  0.13050062E+01
  0.73705748E+00  0.13164606E+01
  0.75021922E+00  0.13301908E+01
  0.76338096E+00  0.13460271E+01
  0.77654270E+00  0.13637498E+01
  0.78970444E+00  0.13830868E+01
  0.80286618E+00  0.14037115E+01
  0.81602792E+00  0.14252403E+01
  0.82918967E+00  0.14472329E+01
  0.84235141E+00  0.14691941E+01
  0.85551315E+00  0.14905805E+01
  0.86867489E+00  0.15108132E+01
  0.88183663E+00  0.15292990E+01
  0.89499837E+00  0.15454596E+01
  0.90816011E+00  0.15587668E+01
  0.92132185E+00  0.15687785E+01
  0.93448359E+00  0.15751674E+01
  0.94764533E+00  0.15777373E+01
  0.96080707E+00  0.15764224E+01
  0.97396881E+00  0.15712739E+01
  0.98713055E+00  0.15624377E+01
  0.10002923E+01  0.15501306E+01
  0.10134540E+01  0.15346187E+01
  0.10266158E+01  0.15162004E+01
  0.10397775E+01  0.14951952E+01
  0.10529393E+01  0.14719358E+01
  0.10661010E+01  0.14467643E+01
  0.10792627E+01  0.14200292E+01
  0.10924245E+01  0.13920847E+01
  0.11055862E+01  0.13632890E+01
  0.11187480E+01  0.13340033E+01
  0.11319097E+01  0.13045904E+01
  0.11450714E+01  0.12754120E+01
  0.11582332E+01  0.12468262E+01
  0.11713949E+01  0.12191833E+01
  0.11845567E+01  0.11928213E+01
  0.11977184E+01  0.11680612E+01
  0.12108801E+01  0.11452007E+01
  0.12240419E+01  0.11245088E+01
  0.12372036E+01  0.11062198E+01
  0.12503654E+01  0.10905281E+01
  0.12635271E+01  0.10775839E+01
  0.12766888E+01  0.10674902E+01
  0.12898506E+01  0.10603014E+01
  0.13030123E+01  0.10560238E+01
  0.13161741E+01  0.10546180E+01
  0.13293358E+01  0.10560067E+01
  0.13424976E+01  0.10600684E+01
  0.13556593E+01  0.10666555E+01
  0.13688210E+01  0.10755979E+01
  0.13819828E+01  0.10867092E+01
  0.13951445E+01  0.10997937E+01
  0.14083063E+01  0.11146523E+01
  0.14214680E+01  0.11310872E+01
  0.14346297E+01  0.11489064E+01
  0.14477915E+01  0.11679265E+01
  0.14609532E+01  0.11879749E+01
  0.14741150E+01  0.12088912E+01
  0.14872767E+01  0.12305277E+01
  0.15004384E+01  0.12527496E+01
  0.15136002E+01  0.12754345E+01
  0.15267619E+01  0.12984717E+01
  0.15399237E+01  0.13217612E+01
  0.15530854E+01  0.13452124E+01
  0.15662471E+01  0.13687436E+01
  0.15794089E+01  0.13922798E+01
  0.15925706E+01  0.14157522E+01
  0.16057324E+01  0.14390969E+01
  0.16188941E+01  0.14622538E+01
  0.16320558E+01  0.14851656E+01
  0.16452176E+01  0.15077771E+01
  0.16583793E+01  0.15300343E+01
  0.16715411E+01  0.15518840E+01
  0.16847028E+01  0.15732732E+01
  0.16978646E+01  0.15941488E+01
  0.17110263E+01  0.16144573E+01
  0.17241880E+01  0.16341449E+01
  0.17373498E+01  0.16531577E+01
  0.17505115E+01  0.16714416E+01
  0.17636733E+01  0.16889427E+01
  0.17768350E+01  0.17056080E+01
  0.17899967E+01  0.17213862E+01
  0.18031585E+01  0.17362281E+01
  0.18163202E+01  0.17500877E+01
  0.18294820E+01  0.17629233E+01
  0.18426437E+01  0.17746987E+01
  0.18558054E+01  0.17853834E+01
  0.18689672E+01  0.17949543E+01
  0.18821289E+01  0.18033955E+01
  0.18952907E+01  0.18106982E+01
  0.19084524E+01  0.18168604E+01
  0.19216141E+01  0.18218855E+01
  0.19347759E+01  0.18257807E+01
  0.19479376E+01  0.18285544E+01
  0.19610994E+01  0.18302149E+01
  0.19742611E+01  0.18307676E+01
  0.19873629E+01  0.18301725E+01
  0.20004646E+01  0.18283941E+01
  0.20135663E+01  0.18254533E+01
  0.20266681E+01  0.18213845E+01
  0.20397698E+01  0.18162352E+01
  0.20528716E+01  0.18100654E+01
  0.20659733E+01  0.18029467E+01
  0.20790751E+01  0.17949615E+01
  0.20921768E+01  0.17862017E+01
  0.21052785E+01  0.17767675E+01
  0.21183803E+01  0.17667663E+01
  0.21314820E+01  0.17563111E+01
  0.21445838E+01  0.17455191E+01
  0.21576855E+01  0.17345104E+01
  0.21707873E+01  0.17234062E+01
  0.21838890E+01  0.17123280E+01
  0.21969907E+01  0.17013955E+01
  0.22100925E+01  0.16907259E+01
  0.22231942E+01  0.16804327E+01
  0.22362960E+01  0.16706242E+01
  0.22493977E+01  0.16614030E+01
  0.22624995E+01  0.16528655E+01
  0.22756012E+01  0.16451006E+01
  0.22887030E+01  0.16381897E+01
  0.23018047E+01  0.16322066E+01
  0.23149064E+01  0.16272165E+01
  0.23280082E+01  0.16232761E+01
  0.23411099E+01  0.16204217E+01
  0.23542117E+01  0.16058013E+01
  0.23673134E+01  0.15847527E+01
  0.23804152E+01  0.15645981E+01
  0.23935169E+01  0.15454271E+01
  0.24066186E+01  0.15273249E+01
  0.24197204E+01  0.15103765E+01
  0.24328221E+01  0.14946679E+01
  0.24459239E+01  0.14802864E+01
  0.24590256E+01  0.14673213E+01
  0.24721274E+01  0.14558633E+01
  0.24852291E+01  0.14460048E+01
  0.24983309E+01  0.14378398E+01
  0.25114326E+01  0.14314627E+01
  0.25245343E+01  0.14269679E+01
  0.25376361E+01  0.14244486E+01
  0.25507378E+01  0.14239951E+01
  0.25638396E+01  0.14256936E+01
  0.25769413E+01  0.14296238E+01
  0.25900431E+01  0.14358575E+01
  0.26031448E+01  0.14444555E+01
  0.26162465E+01  0.14554663E+01
  0.26293483E+01  0.14689231E+01
  0.26424500E+01  0.14848422E+01
  0.26555518E+01  0.15032206E+01
  0.26686535E+01  0.15240351E+01
  0.26817553E+01  0.15472402E+01
  0.26948570E+01  0.15727681E+01
  0.27079588E+01  0.16005281E+01
  0.27210605E+01  0.16304065E+01
  0.27341622E+01  0.16622680E+01
  0.27472640E+01  0.16959564E+01
  0.27603657E+01  0.17312964E+01
  0.27734675E+01  0.17680954E+01
  0.27865692E+01  0.18061461E+01
  0.27996710E+01  0.18452285E+01
  0.28127727E+01  0.18851127E+01
  0.28258744E+01  0.19255611E+01
  0.28389762E+01  0.19663315E+01
  0.28520779E+01  0.20071788E+01
  0.28651797E+01  0.20478577E+01
  0.28782814E+01  0.20682747E+01
  0.28913832E+01  0.20752051E+01
  0.29044849E+01  0.20834426E+01
  0.29175866E+01  0.20927692E+01
  0.29306884E+01  0.21029560E+01
  0.29437901E+01  0.21137674E+01
  0.29568919E+01  0.21249648E+01
  0.29699936E+01  0.21363103E+01
  0.29830954E+01  0.21475708E+01
  0.29961971E+01  0.21585216E+01
  0.30092989E+01  0.21689491E+01
  0.30224006E+01  0.21786545E+01
  0.30355023E+01  0.21874566E+01
  0.30486041E+01  0.21951937E+01
  0.30617058E+01  0.22017273E+01
  0.30748076E+01  0.22069456E+01
  0.30879093E+01  0.22107740E+01
  0.31010111E+01  0.22132246E+01
  0.31141128E+01  0.22146566E+01
  
  0.00000000E+00  0.22146568E+01
  0.13161741E-01  0.22159300E+01
  0.26323481E-01  0.22189934E+01
  0.39485222E-01  0.22240594E+01
  0.52646963E-01  0.22311411E+01
  0.65808704E-01  0.22402364E+01
  0.78970444E-01  0.22513395E+01
  0.92132185E-01  0.22644415E+01
  0.10529393E+00  0.22795308E+01
  0.11845567E+00  0.22965927E+01
  0.13161741E+00  0.23156082E+01
  0.14477915E+00  0.23365543E+01
  0.15794089E+00  0.23072924E+01
  0.17110263E+00  0.22744825E+01
  0.18426437E+00  0.22400486E+01
  0.19742611E+00  0.22042008E+01
  0.21058785E+00  0.21671573E+01
  0.22374959E+00  0.21291425E+01
  0.23691133E+00  0.20903853E+01
  0.25007307E+00  0.20511170E+01
  0.26323481E+00  0.20196606E+01
  0.27639656E+00  0.20103914E+01
  0.28955830E+00  0.20022526E+01
  0.30272004E+00  0.19953389E+01
  0.31588178E+00  0.19897286E+01
  0.32904352E+00  0.19854844E+01
  0.34220526E+00  0.19826529E+01
  0.35536700E+00  0.19812656E+01
  0.36852874E+00  0.19813391E+01
  0.38169048E+00  0.19828765E+01
  0.39485222E+00  0.19755633E+01
  0.40801396E+00  0.19493476E+01
  0.42117570E+00  0.19241184E+01
  0.43433744E+00  0.19001348E+01
  0.44749918E+00  0.18776638E+01
  0.46066093E+00  0.18569725E+01
  0.47382267E+00  0.18383178E+01
  0.48698441E+00  0.18219342E+01
  0.50014615E+00  0.18080204E+01
  0.51330789E+00  0.17967277E+01
  0.52646963E+00  0.17881507E+01
  0.53963137E+00  0.17823233E+01
  0.55279311E+00  0.17792192E+01
  0.56595485E+00  0.17787570E+01
  0.57911659E+00  0.17808087E+01
  0.59227833E+00  0.17852097E+01
  0.60544007E+00  0.17917685E+01
  0.61860181E+00  0.18002761E+01
  0.63176355E+00  0.18105142E+01
  0.64492530E+00  0.18222606E+01
  0.65808704E+00  0.18352955E+01
  0.67124878E+00  0.18494049E+01
  0.68441052E+00  0.18643843E+01
  0.69757226E+00  0.18800417E+01
  0.71073400E+00  0.18962007E+01
  0.72389574E+00  0.19127032E+01
  0.73705748E+00  0.19294125E+01
  0.75021922E+00  0.19462170E+01
  0.76338096E+00  0.19630343E+01
  0.77654270E+00  0.19798151E+01
  0.78970444E+00  0.19965489E+01
  0.80286618E+00  0.20132685E+01
  0.81602792E+00  0.20300549E+01
  0.82918967E+00  0.20470415E+01
  0.84235141E+00  0.20644150E+01
  0.85551315E+00  0.20824125E+01
  0.86867489E+00  0.21013120E+01
  0.88183663E+00  0.21214150E+01
  0.89499837E+00  0.21430204E+01
  0.90816011E+00  0.21663921E+01
  0.92132185E+00  0.21917263E+01
  0.93448359E+00  0.22191249E+01
  0.94764533E+00  0.22485819E+01
  0.96080707E+00  0.22799855E+01
  0.97396881E+00  0.23131338E+01
  0.98713055E+00  0.23477579E+01
  0.10002923E+01  0.23835472E+01
  0.10134540E+01  0.24201717E+01
  0.10266158E+01  0.24572991E+01
  0.10397775E+01  0.24946070E+01
  0.10529393E+01  0.25317895E+01
  0.10661010E+01  0.25685618E+01
  0.10792627E+01  0.26046612E+01
  0.10924245E+01  0.26398477E+01
  0.11055862E+01  0.26641030E+01
  0.11187480E+01  0.26611709E+01
  0.11319097E+01  0.26578806E+01
  0.11450714E+01  0.26543087E+01
  0.11582332E+01  0.26505304E+01
  0.11713949E+01  0.26466196E+01
  0.11845567E+01  0.26426486E+01
  0.11977184E+01  0.26386891E+01
  0.12108801E+01  0.26348119E+01
  0.12240419E+01  0.26310878E+01
  0.12372036E+01  0.26275876E+01
  0.12503654E+01  0.26243831E+01
  0.12635271E+01  0.26215472E+01
  0.12766888E+01  0.26191544E+01
  0.12898506E+01  0.26172813E+01
  0.13030123E+01  0.26160069E+01
  0.13161741E+01  0.26154126E+01
  0.13293358E+01  0.26155838E+01
  0.13424976E+01  0.26166063E+01
  0.13556593E+01  0.26185697E+01
  0.13688210E+01  0.26215655E+01
  0.13819828E+01  0.26256876E+01
  0.13951445E+01  0.26310308E+01
  0.14083063E+01  0.26376906E+01
  0.14214680E+01  0.26457622E+01
  0.14346297E+01  0.26553395E+01
  0.14477915E+01  0.26665134E+01
  0.14609532E+01  0.26793711E+01
  0.14741150E+01  0.26939942E+01
  0.14872767E+01  0.27104571E+01
  0.15004384E+01  0.27288253E+01
  0.15136002E+01  0.27360234E+01
  0.15267619E+01  0.27107913E+01
  0.15399237E+01  0.26849824E+01
  0.15530854E+01  0.26587334E+01
  0.15662471E+01  0.26321792E+01
  0.15794089E+01  0.26054524E+01
  0.15925706E+01  0.25786822E+01
  0.16057324E+01  0.25519936E+01
  0.16188941E+01  0.25255070E+01
  0.16320558E+01  0.24993375E+01
  0.16452176E+01  0.24735942E+01
  0.16583793E+01  0.24483801E+01
  0.16715411E+01  0.24237912E+01
  0.16847028E+01  0.23999165E+01
  0.16978646E+01  0.23768378E+01
  0.17110263E+01  0.23546294E+01
  0.17241880E+01  0.23333579E+01
  0.17373498E+01  0.23130824E+01
  0.17505115E+01  0.22938543E+01
  0.17636733E+01  0.22757174E+01
  0.17768350E+01  0.22587078E+01
  0.17899967E+01  0.22428539E+01
  0.18031585E+01  0.22281767E+01
  0.18163202E+01  0.22146892E+01
  0.18294820E+01  0.22023969E+01
  0.18426437E+01  0.21912976E+01
  0.18558054E+01  0.21813816E+01
  0.18689672E+01  0.21726317E+01
  0.18821289E+01  0.21650245E+01
  0.18952907E+01  0.21585310E+01
  0.19084524E+01  0.21531183E+01
  0.19216141E+01  0.21487519E+01
  0.19347759E+01  0.21453981E+01
  0.19479376E+01  0.21430268E+01
  0.19610994E+01  0.21416143E+01
  0.19742611E+01  0.21411452E+01
  0.19873629E+01  0.21401359E+01
  0.20004646E+01  0.21371154E+01
  0.20135663E+01  0.21321061E+01
  0.20266681E+01  0.21251451E+01
  0.20397698E+01  0.21162834E+01
  0.20528716E+01  0.21055853E+01
  0.20659733E+01  0.20931276E+01
  0.20790751E+01  0.20789985E+01
  0.20921768E+01  0.20632965E+01
  0.21052785E+01  0.20461286E+01
  0.21183803E+01  0.20276098E+01
  0.21314820E+01  0.20078610E+01
  0.21445838E+01  0.19870078E+01
  0.21576855E+01  0.19651791E+01
  0.21707873E+01  0.19425057E+01
  0.21838890E+01  0.19191193E+01
  0.21969907E+01  0.18951507E+01
  0.22100925E+01  0.18707297E+01
  0.22231942E+01  0.18459830E+01
  0.22362960E+01  0.18210346E+01
  0.22493977E+01  0.17960046E+01
  0.22624995E+01  0.17710088E+01
  0.22756012E+01  0.17461587E+01
  0.22887030E+01  0.17215614E+01
  0.23018047E+01  0.16973195E+01
  0.23149064E+01  0.16735318E+01
  0.23280082E+01  0.16502941E+01
  0.23411099E+01  0.16277112E+01
  0.23542117E+01  0.16187660E+01
  0.23673134E+01  0.16182416E+01
  0.23804152E+01  0.16189284E+01
  0.23935169E+01  0.16208417E+01
  0.24066186E+01  0.16239946E+01
  0.24197204E+01  0.16283948E+01
  0.24328221E+01  0.16340441E+01
  0.24459239E+01  0.16409392E+01
  0.24590256E+01  0.16490712E+01
  0.24721274E+01  0.16584268E+01
  0.24852291E+01  0.16689877E+01
  0.24983309E+01  0.16807313E+01
  0.25114326E+01  0.16936307E+01
  0.25245343E+01  0.17076549E+01
  0.25376361E+01  0.17227688E+01
  0.25507378E+01  0.17389336E+01
  0.25638396E+01  0.17561065E+01
  0.25769413E+01  0.17742411E+01
  0.25900431E+01  0.17932874E+01
  0.26031448E+01  0.18131918E+01
  0.26162465E+01  0.18338976E+01
  0.26293483E+01  0.18553445E+01
  0.26424500E+01  0.18774694E+01
  0.26555518E+01  0.19002060E+01
  0.26686535E+01  0.19234857E+01
  0.26817553E+01  0.19472370E+01
  0.26948570E+01  0.19713864E+01
  0.27079588E+01  0.19958585E+01
  0.27210605E+01  0.20205760E+01
  0.27341622E+01  0.20454605E+01
  0.27472640E+01  0.20704324E+01
  0.27603657E+01  0.20911267E+01
  0.27734675E+01  0.20798278E+01
  0.27865692E+01  0.20708226E+01
  0.27996710E+01  0.20641085E+01
  0.28127727E+01  0.20596551E+01
  0.28258744E+01  0.20574036E+01
  0.28389762E+01  0.20572670E+01
  0.28520779E+01  0.20591309E+01
  0.28651797E+01  0.20628549E+01
  0.28782814E+01  0.20881249E+01
  0.28913832E+01  0.21277405E+01
  0.29044849E+01  0.21664704E+01
  0.29175866E+01  0.22040872E+01
  0.29306884E+01  0.22403724E+01
  0.29437901E+01  0.22751167E+01
  0.29568919E+01  0.23081218E+01
  0.29699936E+01  0.23305543E+01
  0.29830954E+01  0.23110883E+01
  0.29961971E+01  0.22932984E+01
  0.30092989E+01  0.22772375E+01
  0.30224006E+01  0.22629527E+01
  0.30355023E+01  0.22504857E+01
  0.30486041E+01  0.22398722E+01
  0.30617058E+01  0.22311409E+01
  0.30748076E+01  0.22243116E+01
  0.30879093E+01  0.22193854E+01
  0.31010111E+01  0.22162977E+01
  0.31141128E+01  0.22146568E+01
  
  0.00000000E+00  0.25144834E+01
  0.13161741E-01  0.25128427E+01
  0.26323481E-01  0.25081999E+01
  0.39485222E-01  0.25005040E+01
  0.52646963E-01  0.24897977E+01
  0.65808704E-01  0.24761463E+01
  0.78970444E-01  0.24596335E+01
  0.92132185E-01  0.24403607E+01
  0.10529393E+00  0.24184465E+01
  0.11845567E+00  0.23940254E+01
  0.13161741E+00  0.23672476E+01
  0.14477915E+00  0.23382773E+01
  0.15794089E+00  0.23594027E+01
  0.17110263E+00  0.23841196E+01
  0.18426437E+00  0.23790440E+01
  0.19742611E+00  0.23596009E+01
  0.21058785E+00  0.23390173E+01
  0.22374959E+00  0.23173443E+01
  0.23691133E+00  0.22946394E+01
  0.25007307E+00  0.22709679E+01
  0.26323481E+00  0.22464031E+01
  0.27639656E+00  0.22210275E+01
  0.28955830E+00  0.21949336E+01
  0.30272004E+00  0.21682248E+01
  0.31588178E+00  0.21410166E+01
  0.32904352E+00  0.21134377E+01
  0.34220526E+00  0.20856313E+01
  0.35536700E+00  0.20577562E+01
  0.36852874E+00  0.20299880E+01
  0.38169048E+00  0.20025199E+01
  0.39485222E+00  0.19858680E+01
  0.40801396E+00  0.19902926E+01
  0.42117570E+00  0.19961190E+01
  0.43433744E+00  0.20033071E+01
  0.44749918E+00  0.20118091E+01
  0.46066093E+00  0.20215709E+01
  0.47382267E+00  0.20325331E+01
  0.48698441E+00  0.20446325E+01
  0.50014615E+00  0.20578024E+01
  0.51330789E+00  0.20719743E+01
  0.52646963E+00  0.20870782E+01
  0.53963137E+00  0.21030431E+01
  0.55279311E+00  0.21197980E+01
  0.56595485E+00  0.21372721E+01
  0.57911659E+00  0.21553951E+01
  0.59227833E+00  0.21740970E+01
  0.60544007E+00  0.21933091E+01
  0.61860181E+00  0.22129631E+01
  0.63176355E+00  0.22329913E+01
  0.64492530E+00  0.22533267E+01
  0.65808704E+00  0.22739022E+01
  0.67124878E+00  0.22946509E+01
  0.68441052E+00  0.23155054E+01
  0.69757226E+00  0.23363975E+01
  0.71073400E+00  0.23572582E+01
  0.72389574E+00  0.23780169E+01
  0.73705748E+00  0.23986019E+01
  0.75021922E+00  0.24189395E+01
  0.76338096E+00  0.24389545E+01
  0.77654270E+00  0.24585702E+01
  0.78970444E+00  0.24777089E+01
  0.80286618E+00  0.24962919E+01
  0.81602792E+00  0.25142409E+01
  0.82918967E+00  0.25314784E+01
  0.84235141E+00  0.25479289E+01
  0.85551315E+00  0.25635205E+01
  0.86867489E+00  0.25781861E+01
  0.88183663E+00  0.25918650E+01
  0.89499837E+00  0.26045041E+01
  0.90816011E+00  0.26160600E+01
  0.92132185E+00  0.26264994E+01
  0.93448359E+00  0.26358010E+01
  0.94764533E+00  0.26439552E+01
  0.96080707E+00  0.26509654E+01
  0.97396881E+00  0.26568471E+01
  0.98713055E+00  0.26616277E+01
  0.10002923E+01  0.26653459E+01
  0.10134540E+01  0.26680503E+01
  0.10266158E+01  0.26697978E+01
  0.10397775E+01  0.26706528E+01
  0.10529393E+01  0.26706852E+01
  0.10661010E+01  0.26699689E+01
  0.10792627E+01  0.26685808E+01
  0.10924245E+01  0.26665992E+01
  0.11055862E+01  0.26739030E+01
  0.11187480E+01  0.27066298E+01
  0.11319097E+01  0.27378504E+01
  0.11450714E+01  0.27674061E+01
  0.11582332E+01  0.27951558E+01
  0.11713949E+01  0.28209754E+01
  0.11845567E+01  0.28447567E+01
  0.11977184E+01  0.28664073E+01
  0.12108801E+01  0.28858496E+01
  0.12240419E+01  0.29030205E+01
  0.12372036E+01  0.29178709E+01
  0.12503654E+01  0.29303656E+01
  0.12635271E+01  0.29404825E+01
  0.12766888E+01  0.29482128E+01
  0.12898506E+01  0.29535602E+01
  0.13030123E+01  0.29565407E+01
  0.13161741E+01  0.29571825E+01
  0.13293358E+01  0.29555216E+01
  0.13424976E+01  0.29516123E+01
  0.13556593E+01  0.29455159E+01
  0.13688210E+01  0.29373040E+01
  0.13819828E+01  0.29270576E+01
  0.13951445E+01  0.29148667E+01
  0.14083063E+01  0.29008297E+01
  0.14214680E+01  0.28850524E+01
  0.14346297E+01  0.28676477E+01
  0.14477915E+01  0.28487344E+01
  0.14609532E+01  0.28284368E+01
  0.14741150E+01  0.28068835E+01
  0.14872767E+01  0.27842066E+01
  0.15004384E+01  0.27605410E+01
  0.15136002E+01  0.27491537E+01
  0.15267619E+01  0.27714845E+01
  0.15399237E+01  0.27958458E+01
  0.15530854E+01  0.28222496E+01
  0.15662471E+01  0.28506900E+01
  0.15794089E+01  0.28811421E+01
  0.15925706E+01  0.29135603E+01
  0.16057324E+01  0.29478771E+01
  0.16188941E+01  0.29840026E+01
  0.16320558E+01  0.30218237E+01
  0.16452176E+01  0.30612036E+01
  0.16583793E+01  0.31019818E+01
  0.16715411E+01  0.31439742E+01
  0.16847028E+01  0.31869731E+01
  0.16978646E+01  0.32307469E+01
  0.17110263E+01  0.32750383E+01
  0.17241880E+01  0.33195610E+01
  0.17373498E+01  0.33639878E+01
  0.17505115E+01  0.34079209E+01
  0.17636733E+01  0.34508006E+01
  0.17768350E+01  0.34915697E+01
  0.17899967E+01  0.35270422E+01
  0.18031585E+01  0.35446186E+01
  0.18163202E+01  0.35338582E+01
  0.18294820E+01  0.35130607E+01
  0.18426437E+01  0.34911590E+01
  0.18558054E+01  0.34701935E+01
  0.18689672E+01  0.34508231E+01
  0.18821289E+01  0.34333519E+01
  0.18952907E+01  0.34179588E+01
  0.19084524E+01  0.34047658E+01
  0.19216141E+01  0.33938626E+01
  0.19347759E+01  0.33853167E+01
  0.19479376E+01  0.33791780E+01
  0.19610994E+01  0.33754812E+01
  0.19742611E+01  0.33742466E+01
  0.19873629E+01  0.33737919E+01
  0.20004646E+01  0.33724276E+01
  0.20135663E+01  0.33701532E+01
  0.20266681E+01  0.33669682E+01
  0.20397698E+01  0.33628715E+01
  0.20528716E+01  0.33578618E+01
  0.20659733E+01  0.33519375E+01
  0.20790751E+01  0.33450969E+01
  0.20921768E+01  0.33373376E+01
  0.21052785E+01  0.33286572E+01
  0.21183803E+01  0.33190529E+01
  0.21314820E+01  0.33085217E+01
  0.21445838E+01  0.32970605E+01
  0.21576855E+01  0.32846657E+01
  0.21707873E+01  0.32713340E+01
  0.21838890E+01  0.32570620E+01
  0.21969907E+01  0.32418465E+01
  0.22100925E+01  0.32256846E+01
  0.22231942E+01  0.32085739E+01
  0.22362960E+01  0.31905126E+01
  0.22493977E+01  0.31714999E+01
  0.22624995E+01  0.31515362E+01
  0.22756012E+01  0.31306231E+01
  0.22887030E+01  0.31087643E+01
  0.23018047E+01  0.30859652E+01
  0.23149064E+01  0.30622339E+01
  0.23280082E+01  0.30375809E+01
  0.23411099E+01  0.30120203E+01
  0.23542117E+01  0.29855693E+01
  0.23673134E+01  0.29582493E+01
  0.23804152E+01  0.29300862E+01
  0.23935169E+01  0.29011105E+01
  0.24066186E+01  0.28713581E+01
  0.24197204E+01  0.28408707E+01
  0.24328221E+01  0.28096959E+01
  0.24459239E+01  0.27778881E+01
  0.24590256E+01  0.27455087E+01
  0.24721274E+01  0.27126262E+01
  0.24852291E+01  0.26793171E+01
  0.24983309E+01  0.26456655E+01
  0.25114326E+01  0.26117637E+01
  0.25245343E+01  0.25777125E+01
  0.25376361E+01  0.25436205E+01
  0.25507378E+01  0.25096049E+01
  0.25638396E+01  0.24757904E+01
  0.25769413E+01  0.24423092E+01
  0.25900431E+01  0.24093007E+01
  0.26031448E+01  0.23769101E+01
  0.26162465E+01  0.23452875E+01
  0.26293483E+01  0.23145872E+01
  0.26424500E+01  0.22849653E+01
  0.26555518E+01  0.22565788E+01
  0.26686535E+01  0.22295829E+01
  0.26817553E+01  0.22041291E+01
  0.26948570E+01  0.21803625E+01
  0.27079588E+01  0.21584192E+01
  0.27210605E+01  0.21384235E+01
  0.27341622E+01  0.21204849E+01
  0.27472640E+01  0.21046954E+01
  0.27603657E+01  0.20954117E+01
  0.27734675E+01  0.21203176E+01
  0.27865692E+01  0.21450699E+01
  0.27996710E+01  0.21695883E+01
  0.28127727E+01  0.21937935E+01
  0.28258744E+01  0.22176073E+01
  0.28389762E+01  0.22409527E+01
  0.28520779E+01  0.22637545E+01
  0.28651797E+01  0.22859396E+01
  0.28782814E+01  0.23074372E+01
  0.28913832E+01  0.23281788E+01
  0.29044849E+01  0.23480989E+01
  0.29175866E+01  0.23671351E+01
  0.29306884E+01  0.23852277E+01
  0.29437901E+01  0.23742769E+01
  0.29568919E+01  0.23516383E+01
  0.29699936E+01  0.23392011E+01
  0.29830954E+01  0.23681802E+01
  0.29961971E+01  0.23948981E+01
  0.30092989E+01  0.24192076E+01
  0.30224006E+01  0.24409756E+01
  0.30355023E+01  0.24600840E+01
  0.30486041E+01  0.24764296E+01
  0.30617058E+01  0.24899253E+01
  0.30748076E+01  0.25005002E+01
  0.30879093E+01  0.25081031E+01
  0.31010111E+01  0.25127180E+01
  0.31141128E+01  0.25144834E+01
  
  0.00000000E+00  0.25144836E+01
  0.13161741E-01  0.25138686E+01
  0.26323481E-01  0.25117545E+01
  0.39485222E-01  0.25082234E+01
  0.52646963E-01  0.25032842E+01
  0.65808704E-01  0.24969439E+01
  0.78970444E-01  0.24892109E+01
  0.92132185E-01  0.24800956E+01
  0.10529393E+00  0.24696109E+01
  0.11845567E+00  0.24577724E+01
  0.13161741E+00  0.24445986E+01
  0.14477915E+00  0.24301113E+01
  0.15794089E+00  0.24143359E+01
  0.17110263E+00  0.23973022E+01
  0.18426437E+00  0.24106654E+01
  0.19742611E+00  0.24389932E+01
  0.21058785E+00  0.24690496E+01
  0.22374959E+00  0.25007735E+01
  0.23691133E+00  0.25340960E+01
  0.25007307E+00  0.25689405E+01
  0.26323481E+00  0.26052223E+01
  0.27639656E+00  0.26428488E+01
  0.28955830E+00  0.26817199E+01
  0.30272004E+00  0.27217280E+01
  0.31588178E+00  0.27627586E+01
  0.32904352E+00  0.28046911E+01
  0.34220526E+00  0.28473989E+01
  0.35536700E+00  0.28907510E+01
  0.36852874E+00  0.29346121E+01
  0.38169048E+00  0.29788441E+01
  0.39485222E+00  0.30233067E+01
  0.40801396E+00  0.30678588E+01
  0.42117570E+00  0.31123593E+01
  0.43433744E+00  0.31566683E+01
  0.44749918E+00  0.32006481E+01
  0.46066093E+00  0.32441646E+01
  0.47382267E+00  0.32870880E+01
  0.48698441E+00  0.33292937E+01
  0.50014615E+00  0.33706640E+01
  0.51330789E+00  0.34110881E+01
  0.52646963E+00  0.34504637E+01
  0.53963137E+00  0.34886976E+01
  0.55279311E+00  0.35257063E+01
  0.56595485E+00  0.35614171E+01
  0.57911659E+00  0.35957682E+01
  0.59227833E+00  0.36287096E+01
  0.60544007E+00  0.36602038E+01
  0.61860181E+00  0.36902256E+01
  0.63176355E+00  0.37187630E+01
  0.64492530E+00  0.37458170E+01
  0.65808704E+00  0.37714020E+01
  0.67124878E+00  0.37955457E+01
  0.68441052E+00  0.38182892E+01
  0.69757226E+00  0.38396864E+01
  0.71073400E+00  0.38598041E+01
  0.72389574E+00  0.38787213E+01
  0.73705748E+00  0.38965285E+01
  0.75021922E+00  0.39133270E+01
  0.76338096E+00  0.39292278E+01
  0.77654270E+00  0.39443504E+01
  0.78970444E+00  0.39588213E+01
  0.80286618E+00  0.39727722E+01
  0.81602792E+00  0.39863386E+01
  0.82918967E+00  0.39996569E+01
  0.84235141E+00  0.40128628E+01
  0.85551315E+00  0.40260884E+01
  0.86867489E+00  0.40394596E+01
  0.88183663E+00  0.40530938E+01
  0.89499837E+00  0.40670974E+01
  0.90816011E+00  0.40815628E+01
  0.92132185E+00  0.40965672E+01
  0.93448359E+00  0.41121700E+01
  0.94764533E+00  0.41284120E+01
  0.96080707E+00  0.41453144E+01
  0.97396881E+00  0.41628786E+01
  0.98713055E+00  0.41810862E+01
  0.10002923E+01  0.41998996E+01
  0.10134540E+01  0.42192637E+01
  0.10266158E+01  0.42391065E+01
  0.10397775E+01  0.42593417E+01
  0.10529393E+01  0.42798699E+01
  0.10661010E+01  0.43005810E+01
  0.10792627E+01  0.43213561E+01
  0.10924245E+01  0.43420692E+01
  0.11055862E+01  0.43625897E+01
  0.11187480E+01  0.43827835E+01
  0.11319097E+01  0.44025149E+01
  0.11450714E+01  0.44216481E+01
  0.11582332E+01  0.44400486E+01
  0.11713949E+01  0.44575840E+01
  0.11845567E+01  0.44741256E+01
  0.11977184E+01  0.44895491E+01
  0.12108801E+01  0.45037353E+01
  0.12240419E+01  0.45165710E+01
  0.12372036E+01  0.45279500E+01
  0.12503654E+01  0.45377729E+01
  0.12635271E+01  0.45459486E+01
  0.12766888E+01  0.45523938E+01
  0.12898506E+01  0.45570342E+01
  0.13030123E+01  0.45598044E+01
  0.13161741E+01  0.45606486E+01
  0.13293358E+01  0.45595172E+01
  0.13424976E+01  0.45563768E+01
  0.13556593E+01  0.45512007E+01
  0.13688210E+01  0.45439726E+01
  0.13819828E+01  0.45346862E+01
  0.13951445E+01  0.45233455E+01
  0.14083063E+01  0.45099646E+01
  0.14214680E+01  0.44945679E+01
  0.14346297E+01  0.44771896E+01
  0.14477915E+01  0.44578740E+01
  0.14609532E+01  0.44366750E+01
  0.14741150E+01  0.44136559E+01
  0.14872767E+01  0.43888893E+01
  0.15004384E+01  0.43624566E+01
  0.15136002E+01  0.43344477E+01
  0.15267619E+01  0.43049609E+01
  0.15399237E+01  0.42741020E+01
  0.15530854E+01  0.42419842E+01
  0.15662471E+01  0.42087277E+01
  0.15794089E+01  0.41744589E+01
  0.15925706E+01  0.41393103E+01
  0.16057324E+01  0.41034197E+01
  0.16188941E+01  0.40669299E+01
  0.16320558E+01  0.40299882E+01
  0.16452176E+01  0.39927459E+01
  0.16583793E+01  0.39553583E+01
  0.16715411E+01  0.39179843E+01
  0.16847028E+01  0.38807867E+01
  0.16978646E+01  0.38439334E+01
  0.17110263E+01  0.38075997E+01
  0.17241880E+01  0.37719736E+01
  0.17373498E+01  0.37372683E+01
  0.17505115E+01  0.37037547E+01
  0.17636733E+01  0.36718542E+01
  0.17768350E+01  0.36424764E+01
  0.17899967E+01  0.36186530E+01
  0.18031585E+01  0.36128246E+01
  0.18163202E+01  0.36352712E+01
  0.18294820E+01  0.36675327E+01
  0.18426437E+01  0.37005183E+01
  0.18558054E+01  0.37320351E+01
  0.18689672E+01  0.37612788E+01
  0.18821289E+01  0.37878094E+01
  0.18952907E+01  0.38113229E+01
  0.19084524E+01  0.38315858E+01
  0.19216141E+01  0.38484109E+01
  0.19347759E+01  0.38616494E+01
  0.19479376E+01  0.38711867E+01
  0.19610994E+01  0.38769416E+01
  0.19742611E+01  0.38788654E+01
  0.19873629E+01  0.38786044E+01
  0.20004646E+01  0.38778220E+01
  0.20135663E+01  0.38765197E+01
  0.20266681E+01  0.38747000E+01
  0.20397698E+01  0.38723664E+01
  0.20528716E+01  0.38695228E+01
  0.20659733E+01  0.38661742E+01
  0.20790751E+01  0.38623254E+01
  0.20921768E+01  0.38579817E+01
  0.21052785E+01  0.38531483E+01
  0.21183803E+01  0.38478299E+01
  0.21314820E+01  0.38420308E+01
  0.21445838E+01  0.38357541E+01
  0.21576855E+01  0.38290022E+01
  0.21707873E+01  0.38217756E+01
  0.21838890E+01  0.38140734E+01
  0.21969907E+01  0.38058930E+01
  0.22100925E+01  0.37972294E+01
  0.22231942E+01  0.37880756E+01
  0.22362960E+01  0.37784222E+01
  0.22493977E+01  0.37682574E+01
  0.22624995E+01  0.37575670E+01
  0.22756012E+01  0.37463344E+01
  0.22887030E+01  0.37345407E+01
  0.23018047E+01  0.37221648E+01
  0.23149064E+01  0.37091835E+01
  0.23280082E+01  0.36955721E+01
  0.23411099E+01  0.36813042E+01
  0.23542117E+01  0.36663526E+01
  0.23673134E+01  0.36506891E+01
  0.23804152E+01  0.36342853E+01
  0.23935169E+01  0.36171133E+01
  0.24066186E+01  0.35991454E+01
  0.24197204E+01  0.35803554E+01
  0.24328221E+01  0.35607188E+01
  0.24459239E+01  0.35402133E+01
  0.24590256E+01  0.35188193E+01
  0.24721274E+01  0.34965207E+01
  0.24852291E+01  0.34733050E+01
  0.24983309E+01  0.34491640E+01
  0.25114326E+01  0.34240944E+01
  0.25245343E+01  0.33980976E+01
  0.25376361E+01  0.33711807E+01
  0.25507378E+01  0.33433566E+01
  0.25638396E+01  0.33146440E+01
  0.25769413E+01  0.32850679E+01
  0.25900431E+01  0.32546596E+01
  0.26031448E+01  0.32234565E+01
  0.26162465E+01  0.31915027E+01
  0.26293483E+01  0.31588483E+01
  0.26424500E+01  0.31255497E+01
  0.26555518E+01  0.30916691E+01
  0.26686535E+01  0.30572745E+01
  0.26817553E+01  0.30224393E+01
  0.26948570E+01  0.29872419E+01
  0.27079588E+01  0.29517652E+01
  0.27210605E+01  0.29160964E+01
  0.27341622E+01  0.28803263E+01
  0.27472640E+01  0.28445491E+01
  0.27603657E+01  0.28088614E+01
  0.27734675E+01  0.27733620E+01
  0.27865692E+01  0.27381511E+01
  0.27996710E+01  0.27033300E+01
  0.28127727E+01  0.26690003E+01
  0.28258744E+01  0.26352635E+01
  0.28389762E+01  0.26022203E+01
  0.28520779E+01  0.25699700E+01
  0.28651797E+01  0.25386103E+01
  0.28782814E+01  0.25082365E+01
  0.28913832E+01  0.24789412E+01
  0.29044849E+01  0.24508138E+01
  0.29175866E+01  0.24239401E+01
  0.29306884E+01  0.23984020E+01
  0.29437901E+01  0.24023211E+01
  0.29568919E+01  0.24183622E+01
  0.29699936E+01  0.24333024E+01
  0.29830954E+01  0.24470963E+01
  0.29961971E+01  0.24597023E+01
  0.30092989E+01  0.24710828E+01
  0.30224006E+01  0.24812039E+01
  0.30355023E+01  0.24900357E+01
  0.30486041E+01  0.24975520E+01
  0.30617058E+01  0.25037303E+01
  0.30748076E+01  0.25085512E+01
  0.30879093E+01  0.25119958E+01
  0.31010111E+01  0.25140295E+01
  0.31141128E+01  0.25144836E+01
  
