  0.160000000000000      -0.318428467320544        1.31222719743434     
   6   6   1
   1   1   1   1
   1   1   1   1.15550738611E-01
   2   1   1   2.75720080556E-02
   3   1   1   7.60102777778E-05
   4   1   1  -7.96123611111E-04
   5   1   1   7.60102777778E-05
   6   1   1   2.75720080556E-02
   1   2   1   1.09019016667E-02
   2   2   1   1.09019016667E-02
   3   2   1   1.54472833333E-02
   4   2   1   3.73545833333E-03
   5   2   1   3.73545833333E-03
   6   2   1   1.54472833333E-02
   1   3   1   2.22119444444E-04
   2   3   1   4.33037055556E-03
   3   3   1   2.22119444444E-04
   4   3   1   3.11850722222E-03
   5   3   1   2.75335277778E-03
   6   3   1   3.11850722222E-03
   1   4   1   1.67009166667E-04
   2   4   1   1.10086083333E-03
   3   4   1   1.10086083333E-03
   4   4   1   1.67009166667E-04
   5   4   1   1.10086083333E-03
   6   4   1   1.10086083333E-03
   1   5   1   2.22119444444E-04
   2   5   1   3.11850722222E-03
   3   5   1   2.75335277778E-03
   4   5   1   3.11850722222E-03
   5   5   1   2.22119444444E-04
   6   5   1   4.33037055556E-03
   1   6   1   1.09019016667E-02
   2   6   1   1.54472833333E-02
   3   6   1   3.73545833333E-03
   4   6   1   3.73545833333E-03
   5   6   1   1.54472833333E-02
   6   6   1   1.09019016667E-02
   1   1   1   2
   1   1   1  -7.33512727778E-02
   2   1   1  -7.33512720526E-02
   3   1   1  -9.22953288024E-03
   4   1   1   3.49585000000E-04
   5   1   1   3.49585658021E-04
   6   1   1  -9.22953294737E-03
   1   2   1  -1.94052844432E-02
   2   2   1   4.39050275111E-03
   3   2   1  -1.94052843004E-02
   4   2   1  -1.09575291169E-02
   5   2   1  -3.62290174208E-03
   6   2   1  -1.09575296922E-02
   1   3   1  -8.72667030217E-04
   2   3   1  -2.62040366405E-03
   3   3   1  -2.62040470622E-03
   4   3   1  -8.72667684173E-04
   5   3   1  -3.44236948035E-03
   6   3   1  -3.44236986856E-03
   1   4   1  -5.52901666667E-04
   2   4   1  -1.30678121270E-03
   3   4   1  -4.35196966977E-04
   4   4   1  -1.30678277778E-03
   5   4   1  -5.52901366357E-04
   6   4   1  -6.23652676190E-04
   1   5   1  -2.01627185867E-03
   2   5   1  -1.86658179810E-03
   3   5   1  -2.39667940854E-03
   4   5   1  -2.39667898249E-03
   5   5   1  -1.86658251600E-03
   6   5   1  -2.01627300262E-03
   1   6   1  -4.21445889018E-03
   2   6   1  -1.63988125300E-02
   3   6   1  -7.40005325792E-03
   4   6   1  -1.99112643861E-03
   5   6   1  -7.40005236624E-03
   6   6   1  -1.63988133067E-02
   1   1   2   1
   1   1   1  -7.33512727778E-02
   2   1   1  -9.22953294737E-03
   3   1   1   3.49585658021E-04
   4   1   1   3.49585000000E-04
   5   1   1  -9.22953288024E-03
   6   1   1  -7.33512720526E-02
   1   2   1  -4.21445889018E-03
   2   2   1  -1.63988133067E-02
   3   2   1  -7.40005236624E-03
   4   2   1  -1.99112643861E-03
   5   2   1  -7.40005325792E-03
   6   2   1  -1.63988125300E-02
   1   3   1  -2.01627185867E-03
   2   3   1  -2.01627300262E-03
   3   3   1  -1.86658251600E-03
   4   3   1  -2.39667898249E-03
   5   3   1  -2.39667940854E-03
   6   3   1  -1.86658179810E-03
   1   4   1  -5.52901666667E-04
   2   4   1  -6.23652676190E-04
   3   4   1  -5.52901366357E-04
   4   4   1  -1.30678277778E-03
   5   4   1  -4.35196966977E-04
   6   4   1  -1.30678121270E-03
   1   5   1  -8.72667030217E-04
   2   5   1  -3.44236986856E-03
   3   5   1  -3.44236948035E-03
   4   5   1  -8.72667684173E-04
   5   5   1  -2.62040470622E-03
   6   5   1  -2.62040366405E-03
   1   6   1  -1.94052844432E-02
   2   6   1  -1.09575296922E-02
   3   6   1  -3.62290174208E-03
   4   6   1  -1.09575291169E-02
   5   6   1  -1.94052843004E-02
   6   6   1   4.39050275111E-03
   1   1   2   2
   1   1   1   1.15550738611E-01
   2   1   1   2.75720080556E-02
   3   1   1   7.60102777778E-05
   4   1   1  -7.96123611111E-04
   5   1   1   7.60102777778E-05
   6   1   1   2.75720080556E-02
   1   2   1   1.09019016667E-02
   2   2   1   1.09019016667E-02
   3   2   1   1.54472833333E-02
   4   2   1   3.73545833333E-03
   5   2   1   3.73545833333E-03
   6   2   1   1.54472833333E-02
   1   3   1   2.22119444444E-04
   2   3   1   4.33037055556E-03
   3   3   1   2.22119444444E-04
   4   3   1   3.11850722222E-03
   5   3   1   2.75335277778E-03
   6   3   1   3.11850722222E-03
   1   4   1   1.67009166667E-04
   2   4   1   1.10086083333E-03
   3   4   1   1.10086083333E-03
   4   4   1   1.67009166667E-04
   5   4   1   1.10086083333E-03
   6   4   1   1.10086083333E-03
   1   5   1   2.22119444444E-04
   2   5   1   3.11850722222E-03
   3   5   1   2.75335277778E-03
   4   5   1   3.11850722222E-03
   5   5   1   2.22119444444E-04
   6   5   1   4.33037055556E-03
   1   6   1   1.09019016667E-02
   2   6   1   1.54472833333E-02
   3   6   1   3.73545833333E-03
   4   6   1   3.73545833333E-03
   5   6   1   1.54472833333E-02
   6   6   1   1.09019016667E-02
   1   2   1   1
   1   1   1   0.00000000000E+00
   2   1   1  -1.63878805071E-02
   3   1   1  -4.64100127137E-04
   4   1   1   1.92747052886E-19
   5   1   1   4.64100127137E-04
   6   1   1   1.63878805071E-02
   1   2   1  -2.60123713404E-02
   2   2   1   2.60123713404E-02
   3   2   1   6.41835333333E-03
   4   2   1   1.88421467638E-04
   5   2   1  -1.88421467638E-04
   6   2   1  -6.41835333333E-03
   1   3   1  -3.79744293803E-04
   2   3   1  -6.08184704822E-19
   3   3   1   3.79744293803E-04
   4   3   1   2.49755353236E-03
   5   3   1   5.50067671200E-19
   6   3   1  -2.49755353236E-03
   1   4   1   5.56065000000E-04
   2   4   1  -1.33266436569E-03
   3   4   1   1.33266436569E-03
   4   4   1  -5.56065000000E-04
   5   4   1  -6.20271032362E-04
   6   4   1   6.20271032362E-04
   1   5   1   5.48455960470E-04
   2   5   1  -5.44618134305E-04
   3   5   1  -1.57875757866E-19
   4   5   1   5.44618134305E-04
   5   5   1  -5.48455960470E-04
   6   5   1   2.53804011044E-19
   1   6   1   6.76338967377E-03
   2   6   1  -6.41835333333E-03
   3   6   1  -2.14135686569E-03
   4   6   1   2.14135686569E-03
   5   6   1   6.41835333333E-03
   6   6   1  -6.76338967377E-03
   1   2   1   2
   1   1   1   3.99161583333E-02
   2   1   1  -3.99161583445E-02
   3   1   1  -1.00395505066E-02
   4   1   1  -1.84615000000E-04
   5   1   1   1.84615506634E-04
   6   1   1   1.00395500111E-02
   1   2   1   4.16457713470E-03
   2   2   1   6.56898299848E-10
   3   2   1  -4.16457753912E-03
   4   2   1  -5.96626601541E-03
   5   2   1   4.04418818547E-10
   6   2   1   5.96626535852E-03
   1   3   1  -5.21051125784E-04
   2   3   1   3.19475051063E-03
   3   3   1  -3.19475040442E-03
   4   3   1   5.21050962975E-04
   5   3   1  -1.04229672845E-04
   6   3   1   1.04229729441E-04
   1   4   1  -7.05668333333E-04
   2   4   1   3.95106440540E-04
   3   4   1   5.02282932839E-10
   4   4   1  -3.95106111111E-04
   5   4   1   7.05667831050E-04
   6   4   1  -3.29428731978E-10
   1   5   1  -5.87497220755E-03
   2   5   1   2.75953193723E-03
   3   5   1   1.13246133951E-03
   4   5   1  -1.13246096298E-03
   5   5   1  -2.75953126225E-03
   6   5   1   5.87497115603E-03
   1   6   1  -4.68034044856E-10
   2   6   1   1.20027174193E-02
   3   6   1  -4.35218737752E-04
   4   6   1   4.59858418083E-10
   5   6   1   4.35219205786E-04
   6   6   1  -1.20027178791E-02
   1   2   2   1
   1   1   1   3.99161583333E-02
   2   1   1   1.00395500111E-02
   3   1   1   1.84615506634E-04
   4   1   1  -1.84615000000E-04
   5   1   1  -1.00395505066E-02
   6   1   1  -3.99161583445E-02
   1   2   1  -4.68034044856E-10
   2   2   1  -1.20027178791E-02
   3   2   1   4.35219205786E-04
   4   2   1   4.59858418083E-10
   5   2   1  -4.35218737752E-04
   6   2   1   1.20027174193E-02
   1   3   1  -5.87497220755E-03
   2   3   1   5.87497115603E-03
   3   3   1  -2.75953126225E-03
   4   3   1  -1.13246096298E-03
   5   3   1   1.13246133951E-03
   6   3   1   2.75953193723E-03
   1   4   1  -7.05668333333E-04
   2   4   1  -3.29428731978E-10
   3   4   1   7.05667831050E-04
   4   4   1  -3.95106111111E-04
   5   4   1   5.02282932839E-10
   6   4   1   3.95106440540E-04
   1   5   1  -5.21051125784E-04
   2   5   1   1.04229729441E-04
   3   5   1  -1.04229672845E-04
   4   5   1   5.21050962975E-04
   5   5   1  -3.19475040442E-03
   6   5   1   3.19475051063E-03
   1   6   1   4.16457713470E-03
   2   6   1   5.96626535852E-03
   3   6   1   4.04418818547E-10
   4   6   1  -5.96626601541E-03
   5   6   1  -4.16457753912E-03
   6   6   1   6.56898299848E-10
   1   2   2   2
   1   1   1   0.00000000000E+00
   2   1   1   1.63878805071E-02
   3   1   1   4.64100127137E-04
   4   1   1   1.92747052886E-19
   5   1   1  -4.64100127137E-04
   6   1   1  -1.63878805071E-02
   1   2   1   6.76338967377E-03
   2   2   1  -6.76338967377E-03
   3   2   1   6.41835333333E-03
   4   2   1   2.14135686569E-03
   5   2   1  -2.14135686569E-03
   6   2   1  -6.41835333333E-03
   1   3   1   5.48455960470E-04
   2   3   1   2.53804011044E-19
   3   3   1  -5.48455960470E-04
   4   3   1   5.44618134305E-04
   5   3   1  -1.57875757866E-19
   6   3   1  -5.44618134305E-04
   1   4   1   5.56065000000E-04
   2   4   1   6.20271032362E-04
   3   4   1  -6.20271032362E-04
   4   4   1  -5.56065000000E-04
   5   4   1   1.33266436569E-03
   6   4   1  -1.33266436569E-03
   1   5   1  -3.79744293803E-04
   2   5   1  -2.49755353236E-03
   3   5   1   5.50067671200E-19
   4   5   1   2.49755353236E-03
   5   5   1   3.79744293803E-04
   6   5   1  -6.08184704822E-19
   1   6   1  -2.60123713404E-02
   2   6   1  -6.41835333333E-03
   3   6   1  -1.88421467638E-04
   4   6   1   1.88421467638E-04
   5   6   1   6.41835333333E-03
   6   6   1   2.60123713404E-02
   1   3   1   1
   1   1   1   0.00000000000E+00
   2   1   1   0.00000000000E+00
   3   1   1   0.00000000000E+00
   4   1   1   0.00000000000E+00
   5   1   1   0.00000000000E+00
   6   1   1   0.00000000000E+00
   1   2   1   0.00000000000E+00
   2   2   1   0.00000000000E+00
   3   2   1   0.00000000000E+00
   4   2   1   0.00000000000E+00
   5   2   1   0.00000000000E+00
   6   2   1   0.00000000000E+00
   1   3   1   0.00000000000E+00
   2   3   1   0.00000000000E+00
   3   3   1   0.00000000000E+00
   4   3   1   0.00000000000E+00
   5   3   1   0.00000000000E+00
   6   3   1   0.00000000000E+00
   1   4   1   0.00000000000E+00
   2   4   1   0.00000000000E+00
   3   4   1   0.00000000000E+00
   4   4   1   0.00000000000E+00
   5   4   1   0.00000000000E+00
   6   4   1   0.00000000000E+00
   1   5   1   0.00000000000E+00
   2   5   1   0.00000000000E+00
   3   5   1   0.00000000000E+00
   4   5   1   0.00000000000E+00
   5   5   1   0.00000000000E+00
   6   5   1   0.00000000000E+00
   1   6   1   0.00000000000E+00
   2   6   1   0.00000000000E+00
   3   6   1   0.00000000000E+00
   4   6   1   0.00000000000E+00
   5   6   1   0.00000000000E+00
   6   6   1   0.00000000000E+00
   1   3   1   2
   1   1   1   0.00000000000E+00
   2   1   1   0.00000000000E+00
   3   1   1   0.00000000000E+00
   4   1   1   0.00000000000E+00
   5   1   1   0.00000000000E+00
   6   1   1   0.00000000000E+00
   1   2   1   0.00000000000E+00
   2   2   1   0.00000000000E+00
   3   2   1   0.00000000000E+00
   4   2   1   0.00000000000E+00
   5   2   1   0.00000000000E+00
   6   2   1   0.00000000000E+00
   1   3   1   0.00000000000E+00
   2   3   1   0.00000000000E+00
   3   3   1   0.00000000000E+00
   4   3   1   0.00000000000E+00
   5   3   1   0.00000000000E+00
   6   3   1   0.00000000000E+00
   1   4   1   0.00000000000E+00
   2   4   1   0.00000000000E+00
   3   4   1   0.00000000000E+00
   4   4   1   0.00000000000E+00
   5   4   1   0.00000000000E+00
   6   4   1   0.00000000000E+00
   1   5   1   0.00000000000E+00
   2   5   1   0.00000000000E+00
   3   5   1   0.00000000000E+00
   4   5   1   0.00000000000E+00
   5   5   1   0.00000000000E+00
   6   5   1   0.00000000000E+00
   1   6   1   0.00000000000E+00
   2   6   1   0.00000000000E+00
   3   6   1   0.00000000000E+00
   4   6   1   0.00000000000E+00
   5   6   1   0.00000000000E+00
   6   6   1   0.00000000000E+00
   1   3   2   1
   1   1   1   0.00000000000E+00
   2   1   1   0.00000000000E+00
   3   1   1   0.00000000000E+00
   4   1   1   0.00000000000E+00
   5   1   1   0.00000000000E+00
   6   1   1   0.00000000000E+00
   1   2   1   0.00000000000E+00
   2   2   1   0.00000000000E+00
   3   2   1   0.00000000000E+00
   4   2   1   0.00000000000E+00
   5   2   1   0.00000000000E+00
   6   2   1   0.00000000000E+00
   1   3   1   0.00000000000E+00
   2   3   1   0.00000000000E+00
   3   3   1   0.00000000000E+00
   4   3   1   0.00000000000E+00
   5   3   1   0.00000000000E+00
   6   3   1   0.00000000000E+00
   1   4   1   0.00000000000E+00
   2   4   1   0.00000000000E+00
   3   4   1   0.00000000000E+00
   4   4   1   0.00000000000E+00
   5   4   1   0.00000000000E+00
   6   4   1   0.00000000000E+00
   1   5   1   0.00000000000E+00
   2   5   1   0.00000000000E+00
   3   5   1   0.00000000000E+00
   4   5   1   0.00000000000E+00
   5   5   1   0.00000000000E+00
   6   5   1   0.00000000000E+00
   1   6   1   0.00000000000E+00
   2   6   1   0.00000000000E+00
   3   6   1   0.00000000000E+00
   4   6   1   0.00000000000E+00
   5   6   1   0.00000000000E+00
   6   6   1   0.00000000000E+00
   1   3   2   2
   1   1   1   0.00000000000E+00
   2   1   1   0.00000000000E+00
   3   1   1   0.00000000000E+00
   4   1   1   0.00000000000E+00
   5   1   1   0.00000000000E+00
   6   1   1   0.00000000000E+00
   1   2   1   0.00000000000E+00
   2   2   1   0.00000000000E+00
   3   2   1   0.00000000000E+00
   4   2   1   0.00000000000E+00
   5   2   1   0.00000000000E+00
   6   2   1   0.00000000000E+00
   1   3   1   0.00000000000E+00
   2   3   1   0.00000000000E+00
   3   3   1   0.00000000000E+00
   4   3   1   0.00000000000E+00
   5   3   1   0.00000000000E+00
   6   3   1   0.00000000000E+00
   1   4   1   0.00000000000E+00
   2   4   1   0.00000000000E+00
   3   4   1   0.00000000000E+00
   4   4   1   0.00000000000E+00
   5   4   1   0.00000000000E+00
   6   4   1   0.00000000000E+00
   1   5   1   0.00000000000E+00
   2   5   1   0.00000000000E+00
   3   5   1   0.00000000000E+00
   4   5   1   0.00000000000E+00
   5   5   1   0.00000000000E+00
   6   5   1   0.00000000000E+00
   1   6   1   0.00000000000E+00
   2   6   1   0.00000000000E+00
   3   6   1   0.00000000000E+00
   4   6   1   0.00000000000E+00
   5   6   1   0.00000000000E+00
   6   6   1   0.00000000000E+00
   2   1   1   1
   1   1   1   0.00000000000E+00
   2   1   1   1.63878805071E-02
   3   1   1   4.64100127137E-04
   4   1   1   1.92747052886E-19
   5   1   1  -4.64100127137E-04
   6   1   1  -1.63878805071E-02
   1   2   1   6.76338967377E-03
   2   2   1  -6.76338967377E-03
   3   2   1   6.41835333333E-03
   4   2   1   2.14135686569E-03
   5   2   1  -2.14135686569E-03
   6   2   1  -6.41835333333E-03
   1   3   1   5.48455960470E-04
   2   3   1   2.53804011044E-19
   3   3   1  -5.48455960470E-04
   4   3   1   5.44618134305E-04
   5   3   1  -1.57875757866E-19
   6   3   1  -5.44618134305E-04
   1   4   1   5.56065000000E-04
   2   4   1   6.20271032362E-04
   3   4   1  -6.20271032362E-04
   4   4   1  -5.56065000000E-04
   5   4   1   1.33266436569E-03
   6   4   1  -1.33266436569E-03
   1   5   1  -3.79744293803E-04
   2   5   1  -2.49755353236E-03
   3   5   1   5.50067671200E-19
   4   5   1   2.49755353236E-03
   5   5   1   3.79744293803E-04
   6   5   1  -6.08184704822E-19
   1   6   1  -2.60123713404E-02
   2   6   1  -6.41835333333E-03
   3   6   1  -1.88421467638E-04
   4   6   1   1.88421467638E-04
   5   6   1   6.41835333333E-03
   6   6   1   2.60123713404E-02
   2   1   1   2
   1   1   1   3.99161583333E-02
   2   1   1  -3.99161583445E-02
   3   1   1  -1.00395505066E-02
   4   1   1  -1.84615000000E-04
   5   1   1   1.84615506634E-04
   6   1   1   1.00395500111E-02
   1   2   1   4.16457713470E-03
   2   2   1   6.56898299848E-10
   3   2   1  -4.16457753912E-03
   4   2   1  -5.96626601541E-03
   5   2   1   4.04418818547E-10
   6   2   1   5.96626535852E-03
   1   3   1  -5.21051125784E-04
   2   3   1   3.19475051063E-03
   3   3   1  -3.19475040442E-03
   4   3   1   5.21050962975E-04
   5   3   1  -1.04229672845E-04
   6   3   1   1.04229729441E-04
   1   4   1  -7.05668333333E-04
   2   4   1   3.95106440540E-04
   3   4   1   5.02282932839E-10
   4   4   1  -3.95106111111E-04
   5   4   1   7.05667831050E-04
   6   4   1  -3.29428731978E-10
   1   5   1  -5.87497220755E-03
   2   5   1   2.75953193723E-03
   3   5   1   1.13246133951E-03
   4   5   1  -1.13246096298E-03
   5   5   1  -2.75953126225E-03
   6   5   1   5.87497115603E-03
   1   6   1  -4.68034044856E-10
   2   6   1   1.20027174193E-02
   3   6   1  -4.35218737752E-04
   4   6   1   4.59858418083E-10
   5   6   1   4.35219205786E-04
   6   6   1  -1.20027178791E-02
   2   1   2   1
   1   1   1   3.99161583333E-02
   2   1   1   1.00395500111E-02
   3   1   1   1.84615506634E-04
   4   1   1  -1.84615000000E-04
   5   1   1  -1.00395505066E-02
   6   1   1  -3.99161583445E-02
   1   2   1  -4.68034044856E-10
   2   2   1  -1.20027178791E-02
   3   2   1   4.35219205786E-04
   4   2   1   4.59858418083E-10
   5   2   1  -4.35218737752E-04
   6   2   1   1.20027174193E-02
   1   3   1  -5.87497220755E-03
   2   3   1   5.87497115603E-03
   3   3   1  -2.75953126225E-03
   4   3   1  -1.13246096298E-03
   5   3   1   1.13246133951E-03
   6   3   1   2.75953193723E-03
   1   4   1  -7.05668333333E-04
   2   4   1  -3.29428731978E-10
   3   4   1   7.05667831050E-04
   4   4   1  -3.95106111111E-04
   5   4   1   5.02282932839E-10
   6   4   1   3.95106440540E-04
   1   5   1  -5.21051125784E-04
   2   5   1   1.04229729441E-04
   3   5   1  -1.04229672845E-04
   4   5   1   5.21050962975E-04
   5   5   1  -3.19475040442E-03
   6   5   1   3.19475051063E-03
   1   6   1   4.16457713470E-03
   2   6   1   5.96626535852E-03
   3   6   1   4.04418818547E-10
   4   6   1  -5.96626601541E-03
   5   6   1  -4.16457753912E-03
   6   6   1   6.56898299848E-10
   2   1   2   2
   1   1   1   0.00000000000E+00
   2   1   1  -1.63878805071E-02
   3   1   1  -4.64100127137E-04
   4   1   1   1.92747052886E-19
   5   1   1   4.64100127137E-04
   6   1   1   1.63878805071E-02
   1   2   1  -2.60123713404E-02
   2   2   1   2.60123713404E-02
   3   2   1   6.41835333333E-03
   4   2   1   1.88421467638E-04
   5   2   1  -1.88421467638E-04
   6   2   1  -6.41835333333E-03
   1   3   1  -3.79744293803E-04
   2   3   1  -6.08184704822E-19
   3   3   1   3.79744293803E-04
   4   3   1   2.49755353236E-03
   5   3   1   5.50067671200E-19
   6   3   1  -2.49755353236E-03
   1   4   1   5.56065000000E-04
   2   4   1  -1.33266436569E-03
   3   4   1   1.33266436569E-03
   4   4   1  -5.56065000000E-04
   5   4   1  -6.20271032362E-04
   6   4   1   6.20271032362E-04
   1   5   1   5.48455960470E-04
   2   5   1  -5.44618134305E-04
   3   5   1  -1.57875757866E-19
   4   5   1   5.44618134305E-04
   5   5   1  -5.48455960470E-04
   6   5   1   2.53804011044E-19
   1   6   1   6.76338967377E-03
   2   6   1  -6.41835333333E-03
   3   6   1  -2.14135686569E-03
   4   6   1   2.14135686569E-03
   5   6   1   6.41835333333E-03
   6   6   1  -6.76338967377E-03
   2   2   1   1
   1   1   1   1.15550738333E-01
   2   1   1   5.34520055556E-03
   3   1   1   2.70821666667E-04
   4   1   1   4.88053888889E-04
   5   1   1   2.70821666667E-04
   6   1   1   5.34520055556E-03
   1   2   1   2.20153050000E-02
   2   2   1   2.20153050000E-02
   3   2   1   8.03600750000E-03
   4   2   1   1.56776000000E-03
   5   2   1   1.56776000000E-03
   6   2   1   8.03600750000E-03
   1   3   1   1.24713333333E-04
   2   3   1   1.91529213889E-02
   3   3   1   1.24713333333E-04
   4   3   1   2.18471055556E-03
   5   3   1   2.75335250000E-03
   6   3   1   2.18471055556E-03
   1   4   1  -4.75078333333E-04
   2   4   1   4.20235666667E-03
   3   4   1   4.20235666667E-03
   4   4   1  -4.75078333333E-04
   5   4   1   4.20235666667E-03
   6   4   1   4.20235666667E-03
   1   5   1   1.24713333333E-04
   2   5   1   2.18471055556E-03
   3   5   1   2.75335250000E-03
   4   5   1   2.18471055556E-03
   5   5   1   1.24713333333E-04
   6   5   1   1.91529213889E-02
   1   6   1   2.20153050000E-02
   2   6   1   8.03600750000E-03
   3   6   1   1.56776000000E-03
   4   6   1   1.56776000000E-03
   5   6   1   8.03600750000E-03
   6   6   1   2.20153050000E-02
   2   2   1   2
   1   1   1  -2.72600636111E-02
   2   1   1  -2.72600634647E-02
   3   1   1  -1.12045261050E-02
   4   1   1  -1.06690805556E-03
   5   1   1  -1.06690778386E-03
   6   1   1  -1.12045259798E-02
   1   2   1  -1.02877655735E-03
   2   2   1  -2.33285848444E-02
   3   2   1  -1.02877705524E-03
   4   2   1  -4.06827736936E-03
   5   2   1  -3.38219355696E-03
   6   2   1  -4.06827905802E-03
   1   3   1   1.55344904376E-04
   2   3   1  -5.30428816476E-03
   3   3   1  -5.30428834933E-03
   4   3   1   1.55344329913E-04
   5   3   1  -3.56272374700E-03
   6   3   1  -3.56272335711E-03
   1   4   1  -1.64419166667E-04
   2   4   1  -1.76301244986E-03
   3   4   1  -3.05050523432E-03
   4   4   1  -1.76301027778E-03
   5   4   1  -1.64419765681E-04
   6   4   1  -1.44021547724E-02
   1   5   1  -1.84177871266E-02
   2   5   1  -6.05811108733E-03
   3   5   1  -1.08902514189E-03
   4   5   1  -1.08902544102E-03
   5   5   1  -6.05811053955E-03
   6   5   1  -1.84177862797E-02
   1   6   1  -9.63968767760E-02
   2   6   1  -2.53926983087E-03
   3   6   1  -5.24639776374E-04
   4   6   1  -1.07866818620E-03
   5   6   1  -5.24639611431E-04
   6   6   1  -2.53927071114E-03
   2   2   2   1
   1   1   1  -2.72600636111E-02
   2   1   1  -1.12045259798E-02
   3   1   1  -1.06690778386E-03
   4   1   1  -1.06690805556E-03
   5   1   1  -1.12045261050E-02
   6   1   1  -2.72600634647E-02
   1   2   1  -9.63968767760E-02
   2   2   1  -2.53927071114E-03
   3   2   1  -5.24639611431E-04
   4   2   1  -1.07866818620E-03
   5   2   1  -5.24639776374E-04
   6   2   1  -2.53926983087E-03
   1   3   1  -1.84177871266E-02
   2   3   1  -1.84177862797E-02
   3   3   1  -6.05811053955E-03
   4   3   1  -1.08902544102E-03
   5   3   1  -1.08902514189E-03
   6   3   1  -6.05811108733E-03
   1   4   1  -1.64419166667E-04
   2   4   1  -1.44021547724E-02
   3   4   1  -1.64419765681E-04
   4   4   1  -1.76301027778E-03
   5   4   1  -3.05050523432E-03
   6   4   1  -1.76301244986E-03
   1   5   1   1.55344904376E-04
   2   5   1  -3.56272335711E-03
   3   5   1  -3.56272374700E-03
   4   5   1   1.55344329913E-04
   5   5   1  -5.30428834933E-03
   6   5   1  -5.30428816476E-03
   1   6   1  -1.02877655735E-03
   2   6   1  -4.06827905802E-03
   3   6   1  -3.38219355696E-03
   4   6   1  -4.06827736936E-03
   5   6   1  -1.02877705524E-03
   6   6   1  -2.33285848444E-02
   2   2   2   2
   1   1   1   1.15550738333E-01
   2   1   1   5.34520055556E-03
   3   1   1   2.70821666667E-04
   4   1   1   4.88053888889E-04
   5   1   1   2.70821666667E-04
   6   1   1   5.34520055556E-03
   1   2   1   2.20153050000E-02
   2   2   1   2.20153050000E-02
   3   2   1   8.03600750000E-03
   4   2   1   1.56776000000E-03
   5   2   1   1.56776000000E-03
   6   2   1   8.03600750000E-03
   1   3   1   1.24713333333E-04
   2   3   1   1.91529213889E-02
   3   3   1   1.24713333333E-04
   4   3   1   2.18471055556E-03
   5   3   1   2.75335250000E-03
   6   3   1   2.18471055556E-03
   1   4   1  -4.75078333333E-04
   2   4   1   4.20235666667E-03
   3   4   1   4.20235666667E-03
   4   4   1  -4.75078333333E-04
   5   4   1   4.20235666667E-03
   6   4   1   4.20235666667E-03
   1   5   1   1.24713333333E-04
   2   5   1   2.18471055556E-03
   3   5   1   2.75335250000E-03
   4   5   1   2.18471055556E-03
   5   5   1   1.24713333333E-04
   6   5   1   1.91529213889E-02
   1   6   1   2.20153050000E-02
   2   6   1   8.03600750000E-03
   3   6   1   1.56776000000E-03
   4   6   1   1.56776000000E-03
   5   6   1   8.03600750000E-03
   6   6   1   2.20153050000E-02
   2   3   1   1
   1   1   1   0.00000000000E+00
   2   1   1   0.00000000000E+00
   3   1   1   0.00000000000E+00
   4   1   1   0.00000000000E+00
   5   1   1   0.00000000000E+00
   6   1   1   0.00000000000E+00
   1   2   1   0.00000000000E+00
   2   2   1   0.00000000000E+00
   3   2   1   0.00000000000E+00
   4   2   1   0.00000000000E+00
   5   2   1   0.00000000000E+00
   6   2   1   0.00000000000E+00
   1   3   1   0.00000000000E+00
   2   3   1   0.00000000000E+00
   3   3   1   0.00000000000E+00
   4   3   1   0.00000000000E+00
   5   3   1   0.00000000000E+00
   6   3   1   0.00000000000E+00
   1   4   1   0.00000000000E+00
   2   4   1   0.00000000000E+00
   3   4   1   0.00000000000E+00
   4   4   1   0.00000000000E+00
   5   4   1   0.00000000000E+00
   6   4   1   0.00000000000E+00
   1   5   1   0.00000000000E+00
   2   5   1   0.00000000000E+00
   3   5   1   0.00000000000E+00
   4   5   1   0.00000000000E+00
   5   5   1   0.00000000000E+00
   6   5   1   0.00000000000E+00
   1   6   1   0.00000000000E+00
   2   6   1   0.00000000000E+00
   3   6   1   0.00000000000E+00
   4   6   1   0.00000000000E+00
   5   6   1   0.00000000000E+00
   6   6   1   0.00000000000E+00
   2   3   1   2
   1   1   1   0.00000000000E+00
   2   1   1   0.00000000000E+00
   3   1   1   0.00000000000E+00
   4   1   1   0.00000000000E+00
   5   1   1   0.00000000000E+00
   6   1   1   0.00000000000E+00
   1   2   1   0.00000000000E+00
   2   2   1   0.00000000000E+00
   3   2   1   0.00000000000E+00
   4   2   1   0.00000000000E+00
   5   2   1   0.00000000000E+00
   6   2   1   0.00000000000E+00
   1   3   1   0.00000000000E+00
   2   3   1   0.00000000000E+00
   3   3   1   0.00000000000E+00
   4   3   1   0.00000000000E+00
   5   3   1   0.00000000000E+00
   6   3   1   0.00000000000E+00
   1   4   1   0.00000000000E+00
   2   4   1   0.00000000000E+00
   3   4   1   0.00000000000E+00
   4   4   1   0.00000000000E+00
   5   4   1   0.00000000000E+00
   6   4   1   0.00000000000E+00
   1   5   1   0.00000000000E+00
   2   5   1   0.00000000000E+00
   3   5   1   0.00000000000E+00
   4   5   1   0.00000000000E+00
   5   5   1   0.00000000000E+00
   6   5   1   0.00000000000E+00
   1   6   1   0.00000000000E+00
   2   6   1   0.00000000000E+00
   3   6   1   0.00000000000E+00
   4   6   1   0.00000000000E+00
   5   6   1   0.00000000000E+00
   6   6   1   0.00000000000E+00
   2   3   2   1
   1   1   1   0.00000000000E+00
   2   1   1   0.00000000000E+00
   3   1   1   0.00000000000E+00
   4   1   1   0.00000000000E+00
   5   1   1   0.00000000000E+00
   6   1   1   0.00000000000E+00
   1   2   1   0.00000000000E+00
   2   2   1   0.00000000000E+00
   3   2   1   0.00000000000E+00
   4   2   1   0.00000000000E+00
   5   2   1   0.00000000000E+00
   6   2   1   0.00000000000E+00
   1   3   1   0.00000000000E+00
   2   3   1   0.00000000000E+00
   3   3   1   0.00000000000E+00
   4   3   1   0.00000000000E+00
   5   3   1   0.00000000000E+00
   6   3   1   0.00000000000E+00
   1   4   1   0.00000000000E+00
   2   4   1   0.00000000000E+00
   3   4   1   0.00000000000E+00
   4   4   1   0.00000000000E+00
   5   4   1   0.00000000000E+00
   6   4   1   0.00000000000E+00
   1   5   1   0.00000000000E+00
   2   5   1   0.00000000000E+00
   3   5   1   0.00000000000E+00
   4   5   1   0.00000000000E+00
   5   5   1   0.00000000000E+00
   6   5   1   0.00000000000E+00
   1   6   1   0.00000000000E+00
   2   6   1   0.00000000000E+00
   3   6   1   0.00000000000E+00
   4   6   1   0.00000000000E+00
   5   6   1   0.00000000000E+00
   6   6   1   0.00000000000E+00
   2   3   2   2
   1   1   1   0.00000000000E+00
   2   1   1   0.00000000000E+00
   3   1   1   0.00000000000E+00
   4   1   1   0.00000000000E+00
   5   1   1   0.00000000000E+00
   6   1   1   0.00000000000E+00
   1   2   1   0.00000000000E+00
   2   2   1   0.00000000000E+00
   3   2   1   0.00000000000E+00
   4   2   1   0.00000000000E+00
   5   2   1   0.00000000000E+00
   6   2   1   0.00000000000E+00
   1   3   1   0.00000000000E+00
   2   3   1   0.00000000000E+00
   3   3   1   0.00000000000E+00
   4   3   1   0.00000000000E+00
   5   3   1   0.00000000000E+00
   6   3   1   0.00000000000E+00
   1   4   1   0.00000000000E+00
   2   4   1   0.00000000000E+00
   3   4   1   0.00000000000E+00
   4   4   1   0.00000000000E+00
   5   4   1   0.00000000000E+00
   6   4   1   0.00000000000E+00
   1   5   1   0.00000000000E+00
   2   5   1   0.00000000000E+00
   3   5   1   0.00000000000E+00
   4   5   1   0.00000000000E+00
   5   5   1   0.00000000000E+00
   6   5   1   0.00000000000E+00
   1   6   1   0.00000000000E+00
   2   6   1   0.00000000000E+00
   3   6   1   0.00000000000E+00
   4   6   1   0.00000000000E+00
   5   6   1   0.00000000000E+00
   6   6   1   0.00000000000E+00
   3   1   1   1
   1   1   1   0.00000000000E+00
   2   1   1   0.00000000000E+00
   3   1   1   0.00000000000E+00
   4   1   1   0.00000000000E+00
   5   1   1   0.00000000000E+00
   6   1   1   0.00000000000E+00
   1   2   1   0.00000000000E+00
   2   2   1   0.00000000000E+00
   3   2   1   0.00000000000E+00
   4   2   1   0.00000000000E+00
   5   2   1   0.00000000000E+00
   6   2   1   0.00000000000E+00
   1   3   1   0.00000000000E+00
   2   3   1   0.00000000000E+00
   3   3   1   0.00000000000E+00
   4   3   1   0.00000000000E+00
   5   3   1   0.00000000000E+00
   6   3   1   0.00000000000E+00
   1   4   1   0.00000000000E+00
   2   4   1   0.00000000000E+00
   3   4   1   0.00000000000E+00
   4   4   1   0.00000000000E+00
   5   4   1   0.00000000000E+00
   6   4   1   0.00000000000E+00
   1   5   1   0.00000000000E+00
   2   5   1   0.00000000000E+00
   3   5   1   0.00000000000E+00
   4   5   1   0.00000000000E+00
   5   5   1   0.00000000000E+00
   6   5   1   0.00000000000E+00
   1   6   1   0.00000000000E+00
   2   6   1   0.00000000000E+00
   3   6   1   0.00000000000E+00
   4   6   1   0.00000000000E+00
   5   6   1   0.00000000000E+00
   6   6   1   0.00000000000E+00
   3   1   1   2
   1   1   1   0.00000000000E+00
   2   1   1   0.00000000000E+00
   3   1   1   0.00000000000E+00
   4   1   1   0.00000000000E+00
   5   1   1   0.00000000000E+00
   6   1   1   0.00000000000E+00
   1   2   1   0.00000000000E+00
   2   2   1   0.00000000000E+00
   3   2   1   0.00000000000E+00
   4   2   1   0.00000000000E+00
   5   2   1   0.00000000000E+00
   6   2   1   0.00000000000E+00
   1   3   1   0.00000000000E+00
   2   3   1   0.00000000000E+00
   3   3   1   0.00000000000E+00
   4   3   1   0.00000000000E+00
   5   3   1   0.00000000000E+00
   6   3   1   0.00000000000E+00
   1   4   1   0.00000000000E+00
   2   4   1   0.00000000000E+00
   3   4   1   0.00000000000E+00
   4   4   1   0.00000000000E+00
   5   4   1   0.00000000000E+00
   6   4   1   0.00000000000E+00
   1   5   1   0.00000000000E+00
   2   5   1   0.00000000000E+00
   3   5   1   0.00000000000E+00
   4   5   1   0.00000000000E+00
   5   5   1   0.00000000000E+00
   6   5   1   0.00000000000E+00
   1   6   1   0.00000000000E+00
   2   6   1   0.00000000000E+00
   3   6   1   0.00000000000E+00
   4   6   1   0.00000000000E+00
   5   6   1   0.00000000000E+00
   6   6   1   0.00000000000E+00
   3   1   2   1
   1   1   1   0.00000000000E+00
   2   1   1   0.00000000000E+00
   3   1   1   0.00000000000E+00
   4   1   1   0.00000000000E+00
   5   1   1   0.00000000000E+00
   6   1   1   0.00000000000E+00
   1   2   1   0.00000000000E+00
   2   2   1   0.00000000000E+00
   3   2   1   0.00000000000E+00
   4   2   1   0.00000000000E+00
   5   2   1   0.00000000000E+00
   6   2   1   0.00000000000E+00
   1   3   1   0.00000000000E+00
   2   3   1   0.00000000000E+00
   3   3   1   0.00000000000E+00
   4   3   1   0.00000000000E+00
   5   3   1   0.00000000000E+00
   6   3   1   0.00000000000E+00
   1   4   1   0.00000000000E+00
   2   4   1   0.00000000000E+00
   3   4   1   0.00000000000E+00
   4   4   1   0.00000000000E+00
   5   4   1   0.00000000000E+00
   6   4   1   0.00000000000E+00
   1   5   1   0.00000000000E+00
   2   5   1   0.00000000000E+00
   3   5   1   0.00000000000E+00
   4   5   1   0.00000000000E+00
   5   5   1   0.00000000000E+00
   6   5   1   0.00000000000E+00
   1   6   1   0.00000000000E+00
   2   6   1   0.00000000000E+00
   3   6   1   0.00000000000E+00
   4   6   1   0.00000000000E+00
   5   6   1   0.00000000000E+00
   6   6   1   0.00000000000E+00
   3   1   2   2
   1   1   1   0.00000000000E+00
   2   1   1   0.00000000000E+00
   3   1   1   0.00000000000E+00
   4   1   1   0.00000000000E+00
   5   1   1   0.00000000000E+00
   6   1   1   0.00000000000E+00
   1   2   1   0.00000000000E+00
   2   2   1   0.00000000000E+00
   3   2   1   0.00000000000E+00
   4   2   1   0.00000000000E+00
   5   2   1   0.00000000000E+00
   6   2   1   0.00000000000E+00
   1   3   1   0.00000000000E+00
   2   3   1   0.00000000000E+00
   3   3   1   0.00000000000E+00
   4   3   1   0.00000000000E+00
   5   3   1   0.00000000000E+00
   6   3   1   0.00000000000E+00
   1   4   1   0.00000000000E+00
   2   4   1   0.00000000000E+00
   3   4   1   0.00000000000E+00
   4   4   1   0.00000000000E+00
   5   4   1   0.00000000000E+00
   6   4   1   0.00000000000E+00
   1   5   1   0.00000000000E+00
   2   5   1   0.00000000000E+00
   3   5   1   0.00000000000E+00
   4   5   1   0.00000000000E+00
   5   5   1   0.00000000000E+00
   6   5   1   0.00000000000E+00
   1   6   1   0.00000000000E+00
   2   6   1   0.00000000000E+00
   3   6   1   0.00000000000E+00
   4   6   1   0.00000000000E+00
   5   6   1   0.00000000000E+00
   6   6   1   0.00000000000E+00
   3   2   1   1
   1   1   1   0.00000000000E+00
   2   1   1   0.00000000000E+00
   3   1   1   0.00000000000E+00
   4   1   1   0.00000000000E+00
   5   1   1   0.00000000000E+00
   6   1   1   0.00000000000E+00
   1   2   1   0.00000000000E+00
   2   2   1   0.00000000000E+00
   3   2   1   0.00000000000E+00
   4   2   1   0.00000000000E+00
   5   2   1   0.00000000000E+00
   6   2   1   0.00000000000E+00
   1   3   1   0.00000000000E+00
   2   3   1   0.00000000000E+00
   3   3   1   0.00000000000E+00
   4   3   1   0.00000000000E+00
   5   3   1   0.00000000000E+00
   6   3   1   0.00000000000E+00
   1   4   1   0.00000000000E+00
   2   4   1   0.00000000000E+00
   3   4   1   0.00000000000E+00
   4   4   1   0.00000000000E+00
   5   4   1   0.00000000000E+00
   6   4   1   0.00000000000E+00
   1   5   1   0.00000000000E+00
   2   5   1   0.00000000000E+00
   3   5   1   0.00000000000E+00
   4   5   1   0.00000000000E+00
   5   5   1   0.00000000000E+00
   6   5   1   0.00000000000E+00
   1   6   1   0.00000000000E+00
   2   6   1   0.00000000000E+00
   3   6   1   0.00000000000E+00
   4   6   1   0.00000000000E+00
   5   6   1   0.00000000000E+00
   6   6   1   0.00000000000E+00
   3   2   1   2
   1   1   1   0.00000000000E+00
   2   1   1   0.00000000000E+00
   3   1   1   0.00000000000E+00
   4   1   1   0.00000000000E+00
   5   1   1   0.00000000000E+00
   6   1   1   0.00000000000E+00
   1   2   1   0.00000000000E+00
   2   2   1   0.00000000000E+00
   3   2   1   0.00000000000E+00
   4   2   1   0.00000000000E+00
   5   2   1   0.00000000000E+00
   6   2   1   0.00000000000E+00
   1   3   1   0.00000000000E+00
   2   3   1   0.00000000000E+00
   3   3   1   0.00000000000E+00
   4   3   1   0.00000000000E+00
   5   3   1   0.00000000000E+00
   6   3   1   0.00000000000E+00
   1   4   1   0.00000000000E+00
   2   4   1   0.00000000000E+00
   3   4   1   0.00000000000E+00
   4   4   1   0.00000000000E+00
   5   4   1   0.00000000000E+00
   6   4   1   0.00000000000E+00
   1   5   1   0.00000000000E+00
   2   5   1   0.00000000000E+00
   3   5   1   0.00000000000E+00
   4   5   1   0.00000000000E+00
   5   5   1   0.00000000000E+00
   6   5   1   0.00000000000E+00
   1   6   1   0.00000000000E+00
   2   6   1   0.00000000000E+00
   3   6   1   0.00000000000E+00
   4   6   1   0.00000000000E+00
   5   6   1   0.00000000000E+00
   6   6   1   0.00000000000E+00
   3   2   2   1
   1   1   1   0.00000000000E+00
   2   1   1   0.00000000000E+00
   3   1   1   0.00000000000E+00
   4   1   1   0.00000000000E+00
   5   1   1   0.00000000000E+00
   6   1   1   0.00000000000E+00
   1   2   1   0.00000000000E+00
   2   2   1   0.00000000000E+00
   3   2   1   0.00000000000E+00
   4   2   1   0.00000000000E+00
   5   2   1   0.00000000000E+00
   6   2   1   0.00000000000E+00
   1   3   1   0.00000000000E+00
   2   3   1   0.00000000000E+00
   3   3   1   0.00000000000E+00
   4   3   1   0.00000000000E+00
   5   3   1   0.00000000000E+00
   6   3   1   0.00000000000E+00
   1   4   1   0.00000000000E+00
   2   4   1   0.00000000000E+00
   3   4   1   0.00000000000E+00
   4   4   1   0.00000000000E+00
   5   4   1   0.00000000000E+00
   6   4   1   0.00000000000E+00
   1   5   1   0.00000000000E+00
   2   5   1   0.00000000000E+00
   3   5   1   0.00000000000E+00
   4   5   1   0.00000000000E+00
   5   5   1   0.00000000000E+00
   6   5   1   0.00000000000E+00
   1   6   1   0.00000000000E+00
   2   6   1   0.00000000000E+00
   3   6   1   0.00000000000E+00
   4   6   1   0.00000000000E+00
   5   6   1   0.00000000000E+00
   6   6   1   0.00000000000E+00
   3   2   2   2
   1   1   1   0.00000000000E+00
   2   1   1   0.00000000000E+00
   3   1   1   0.00000000000E+00
   4   1   1   0.00000000000E+00
   5   1   1   0.00000000000E+00
   6   1   1   0.00000000000E+00
   1   2   1   0.00000000000E+00
   2   2   1   0.00000000000E+00
   3   2   1   0.00000000000E+00
   4   2   1   0.00000000000E+00
   5   2   1   0.00000000000E+00
   6   2   1   0.00000000000E+00
   1   3   1   0.00000000000E+00
   2   3   1   0.00000000000E+00
   3   3   1   0.00000000000E+00
   4   3   1   0.00000000000E+00
   5   3   1   0.00000000000E+00
   6   3   1   0.00000000000E+00
   1   4   1   0.00000000000E+00
   2   4   1   0.00000000000E+00
   3   4   1   0.00000000000E+00
   4   4   1   0.00000000000E+00
   5   4   1   0.00000000000E+00
   6   4   1   0.00000000000E+00
   1   5   1   0.00000000000E+00
   2   5   1   0.00000000000E+00
   3   5   1   0.00000000000E+00
   4   5   1   0.00000000000E+00
   5   5   1   0.00000000000E+00
   6   5   1   0.00000000000E+00
   1   6   1   0.00000000000E+00
   2   6   1   0.00000000000E+00
   3   6   1   0.00000000000E+00
   4   6   1   0.00000000000E+00
   5   6   1   0.00000000000E+00
   6   6   1   0.00000000000E+00
   3   3   1   1
   1   1   1   1.02885555556E-02
   2   1   1  -3.38977638889E-03
   3   1   1   4.08581388889E-04
   4   1   1   6.27944444444E-05
   5   1   1   4.08581388889E-04
   6   1   1  -3.38977638889E-03
   1   2   1  -3.38977638889E-03
   2   2   1  -3.38977638889E-03
   3   2   1   2.02322861111E-03
   4   2   1  -4.73269722222E-04
   5   2   1  -4.73269722222E-04
   6   2   1   2.02322861111E-03
   1   3   1   4.08581388889E-04
   2   3   1   2.02322861111E-03
   3   3   1   4.08581388889E-04
   4   3   1  -4.73269722222E-04
   5   3   1   4.77383055556E-04
   6   3   1  -4.73269722222E-04
   1   4   1   6.27944444444E-05
   2   4   1  -4.73269722222E-04
   3   4   1  -4.73269722222E-04
   4   4   1   6.27944444444E-05
   5   4   1  -4.73269722222E-04
   6   4   1  -4.73269722222E-04
   1   5   1   4.08581388889E-04
   2   5   1  -4.73269722222E-04
   3   5   1   4.77383055556E-04
   4   5   1  -4.73269722222E-04
   5   5   1   4.08581388889E-04
   6   5   1   2.02322861111E-03
   1   6   1  -3.38977638889E-03
   2   6   1   2.02322861111E-03
   3   6   1  -4.73269722222E-04
   4   6   1  -4.73269722222E-04
   5   6   1   2.02322861111E-03
   6   6   1  -3.38977638889E-03
   3   3   1   2
   1   1   1  -2.01004722222E-04
   2   1   1  -2.01004379579E-04
   3   1   1  -4.94437182181E-04
   4   1   1   1.22899722222E-04
   5   1   1   1.22899404403E-04
   6   1   1  -4.94437842643E-04
   1   2   1  -4.94437842643E-04
   2   2   1   9.37049444444E-04
   3   2   1  -4.94436597118E-04
   4   2   1   5.93550037570E-04
   5   2   1  -3.13771392876E-04
   6   2   1   5.93548934158E-04
   1   3   1   1.22899404403E-04
   2   3   1  -1.66077291771E-04
   3   3   1  -1.66077222222E-04
   4   3   1   1.22899726582E-04
   5   3   1  -3.13771140245E-04
   6   3   1  -3.13771392876E-04
   1   4   1   1.22899722222E-04
   2   4   1   2.80421846521E-05
   3   4   1   3.25280511960E-05
   4   4   1   2.80419444444E-05
   5   4   1   1.22899726582E-04
   6   4   1   5.93550037570E-04
   1   5   1  -4.94437182181E-04
   2   5   1  -1.66077496013E-04
   3   5   1   3.25283624672E-05
   4   5   1   3.25280511960E-05
   5   5   1  -1.66077222222E-04
   6   5   1  -4.94436597118E-04
   1   6   1  -2.01004379579E-04
   2   6   1   9.37048288064E-04
   3   6   1  -1.66077496013E-04
   4   6   1   2.80421846521E-05
   5   6   1  -1.66077291771E-04
   6   6   1   9.37049444444E-04
   3   3   2   1
   1   1   1  -2.01004722222E-04
   2   1   1  -4.94437842643E-04
   3   1   1   1.22899404403E-04
   4   1   1   1.22899722222E-04
   5   1   1  -4.94437182181E-04
   6   1   1  -2.01004379579E-04
   1   2   1  -2.01004379579E-04
   2   2   1   9.37049444444E-04
   3   2   1  -1.66077291771E-04
   4   2   1   2.80421846521E-05
   5   2   1  -1.66077496013E-04
   6   2   1   9.37048288064E-04
   1   3   1  -4.94437182181E-04
   2   3   1  -4.94436597118E-04
   3   3   1  -1.66077222222E-04
   4   3   1   3.25280511960E-05
   5   3   1   3.25283624672E-05
   6   3   1  -1.66077496013E-04
   1   4   1   1.22899722222E-04
   2   4   1   5.93550037570E-04
   3   4   1   1.22899726582E-04
   4   4   1   2.80419444444E-05
   5   4   1   3.25280511960E-05
   6   4   1   2.80421846521E-05
   1   5   1   1.22899404403E-04
   2   5   1  -3.13771392876E-04
   3   5   1  -3.13771140245E-04
   4   5   1   1.22899726582E-04
   5   5   1  -1.66077222222E-04
   6   5   1  -1.66077291771E-04
   1   6   1  -4.94437842643E-04
   2   6   1   5.93548934158E-04
   3   6   1  -3.13771392876E-04
   4   6   1   5.93550037570E-04
   5   6   1  -4.94436597118E-04
   6   6   1   9.37049444444E-04
   3   3   2   2
   1   1   1   1.02885555556E-02
   2   1   1  -3.38977638889E-03
   3   1   1   4.08581388889E-04
   4   1   1   6.27944444444E-05
   5   1   1   4.08581388889E-04
   6   1   1  -3.38977638889E-03
   1   2   1  -3.38977638889E-03
   2   2   1  -3.38977638889E-03
   3   2   1   2.02322861111E-03
   4   2   1  -4.73269722222E-04
   5   2   1  -4.73269722222E-04
   6   2   1   2.02322861111E-03
   1   3   1   4.08581388889E-04
   2   3   1   2.02322861111E-03
   3   3   1   4.08581388889E-04
   4   3   1  -4.73269722222E-04
   5   3   1   4.77383055556E-04
   6   3   1  -4.73269722222E-04
   1   4   1   6.27944444444E-05
   2   4   1  -4.73269722222E-04
   3   4   1  -4.73269722222E-04
   4   4   1   6.27944444444E-05
   5   4   1  -4.73269722222E-04
   6   4   1  -4.73269722222E-04
   1   5   1   4.08581388889E-04
   2   5   1  -4.73269722222E-04
   3   5   1   4.77383055556E-04
   4   5   1  -4.73269722222E-04
   5   5   1   4.08581388889E-04
   6   5   1   2.02322861111E-03
   1   6   1  -3.38977638889E-03
   2   6   1   2.02322861111E-03
   3   6   1  -4.73269722222E-04
   4   6   1  -4.73269722222E-04
   5   6   1   2.02322861111E-03
   6   6   1  -3.38977638889E-03
