  0.100000000000000      -0.316982149137734       0.776356023069221     
   6   6   1
   1   1   1   1
   1   1   1   4.48661966667E-02
   2   1   1   1.20312663889E-02
   3   1   1   9.19675000000E-05
   4   1   1   4.96787555556E-03
   5   1   1   9.19675000000E-05
   6   1   1   1.20312663889E-02
   1   2   1   6.29159555556E-03
   2   2   1   6.29159555556E-03
   3   2   1   1.67109097222E-02
   4   2   1   4.05774722222E-03
   5   2   1   4.05774722222E-03
   6   2   1   1.67109097222E-02
   1   3   1   1.26980333333E-03
   2   3   1   1.07375797222E-02
   3   3   1   1.26980333333E-03
   4   3   1   3.76427055556E-03
   5   3   1   9.49812750000E-03
   6   3   1   3.76427055556E-03
   1   4   1   6.19294222222E-03
   2   4   1   2.27865138889E-03
   3   4   1   2.27865138889E-03
   4   4   1   6.19294222222E-03
   5   4   1   2.27865138889E-03
   6   4   1   2.27865138889E-03
   1   5   1   1.26980333333E-03
   2   5   1   3.76427055556E-03
   3   5   1   9.49812750000E-03
   4   5   1   3.76427055556E-03
   5   5   1   1.26980333333E-03
   6   5   1   1.07375797222E-02
   1   6   1   6.29159555556E-03
   2   6   1   1.67109097222E-02
   3   6   1   4.05774722222E-03
   4   6   1   4.05774722222E-03
   5   6   1   1.67109097222E-02
   6   6   1   6.29159555556E-03
   1   1   1   2
   1   1   1  -3.03420633333E-02
   2   1   1  -3.03420634769E-02
   3   1   1  -2.28586614431E-03
   4   1   1  -3.60464222222E-03
   5   1   1  -3.60464385569E-03
   6   1   1  -2.28586763420E-03
   1   2   1  -1.44198168017E-02
   2   2   1   1.31471313301E-03
   3   2   1  -1.44198169265E-02
   4   2   1  -1.20183608667E-02
   5   2   1  -2.84987350489E-03
   6   2   1  -1.20183607793E-02
   1   3   1  -1.27683427434E-04
   2   3   1  -7.51843329225E-03
   3   3   1  -7.51843312316E-03
   4   3   1  -1.27683695353E-04
   5   3   1  -7.80321049695E-03
   6   3   1  -7.80321005994E-03
   1   4   1  -4.66882500000E-03
   2   4   1  -5.55072450305E-03
   3   4   1  -6.47054993175E-04
   4   4   1  -5.55072500000E-03
   5   4   1  -4.66882500683E-03
   6   4   1  -1.18172163619E-04
   1   5   1  -6.22269323923E-03
   2   5   1  -1.04141938450E-03
   3   5   1  -7.03471783639E-03
   4   5   1  -7.03471741576E-03
   5   5   1  -1.04141854350E-03
   6   5   1  -6.22269281886E-03
   1   6   1  -2.16654653162E-03
   2   6   1  -1.40967842207E-02
   3   6   1  -9.82496816178E-03
   4   6   1  -1.39426913326E-03
   5   6   1  -9.82496807345E-03
   6   6   1  -1.40967814663E-02
   1   1   2   1
   1   1   1  -3.03420633333E-02
   2   1   1  -2.28586763420E-03
   3   1   1  -3.60464385569E-03
   4   1   1  -3.60464222222E-03
   5   1   1  -2.28586614431E-03
   6   1   1  -3.03420634769E-02
   1   2   1  -2.16654653162E-03
   2   2   1  -1.40967814663E-02
   3   2   1  -9.82496807345E-03
   4   2   1  -1.39426913326E-03
   5   2   1  -9.82496816178E-03
   6   2   1  -1.40967842207E-02
   1   3   1  -6.22269323923E-03
   2   3   1  -6.22269281886E-03
   3   3   1  -1.04141854350E-03
   4   3   1  -7.03471741576E-03
   5   3   1  -7.03471783639E-03
   6   3   1  -1.04141938450E-03
   1   4   1  -4.66882500000E-03
   2   4   1  -1.18172163619E-04
   3   4   1  -4.66882500683E-03
   4   4   1  -5.55072500000E-03
   5   4   1  -6.47054993175E-04
   6   4   1  -5.55072450305E-03
   1   5   1  -1.27683427434E-04
   2   5   1  -7.80321005994E-03
   3   5   1  -7.80321049695E-03
   4   5   1  -1.27683695353E-04
   5   5   1  -7.51843312316E-03
   6   5   1  -7.51843329225E-03
   1   6   1  -1.44198168017E-02
   2   6   1  -1.20183607793E-02
   3   6   1  -2.84987350489E-03
   4   6   1  -1.20183608667E-02
   5   6   1  -1.44198169265E-02
   6   6   1   1.31471313301E-03
   1   1   2   2
   1   1   1   4.48661966667E-02
   2   1   1   1.20312663889E-02
   3   1   1   9.19675000000E-05
   4   1   1   4.96787555556E-03
   5   1   1   9.19675000000E-05
   6   1   1   1.20312663889E-02
   1   2   1   6.29159555556E-03
   2   2   1   6.29159555556E-03
   3   2   1   1.67109097222E-02
   4   2   1   4.05774722222E-03
   5   2   1   4.05774722222E-03
   6   2   1   1.67109097222E-02
   1   3   1   1.26980333333E-03
   2   3   1   1.07375797222E-02
   3   3   1   1.26980333333E-03
   4   3   1   3.76427055556E-03
   5   3   1   9.49812750000E-03
   6   3   1   3.76427055556E-03
   1   4   1   6.19294222222E-03
   2   4   1   2.27865138889E-03
   3   4   1   2.27865138889E-03
   4   4   1   6.19294222222E-03
   5   4   1   2.27865138889E-03
   6   4   1   2.27865138889E-03
   1   5   1   1.26980333333E-03
   2   5   1   3.76427055556E-03
   3   5   1   9.49812750000E-03
   4   5   1   3.76427055556E-03
   5   5   1   1.26980333333E-03
   6   5   1   1.07375797222E-02
   1   6   1   6.29159555556E-03
   2   6   1   1.67109097222E-02
   3   6   1   4.05774722222E-03
   4   6   1   4.05774722222E-03
   5   6   1   1.67109097222E-02
   6   6   1   6.29159555556E-03
   1   2   1   1
   1   1   1  -9.63735264432E-20
   2   1   1  -9.53053018299E-03
   3   1   1   2.97731402805E-03
   4   1   1   1.92747052886E-19
   5   1   1  -2.97731402805E-03
   6   1   1   9.53053018299E-03
   1   2   1  -1.28443304608E-02
   2   2   1   1.28443304608E-02
   3   2   1   3.44870388889E-03
   4   2   1  -2.37427886569E-03
   5   2   1   2.37427886569E-03
   6   2   1  -3.44870388889E-03
   1   3   1   3.65733819471E-03
   2   3   1   4.41133469549E-20
   3   3   1  -3.65733819471E-03
   4   3   1   4.25916497680E-03
   5   3   1  -4.86518249856E-19
   6   3   1  -4.25916497680E-03
   1   4   1   7.07292222222E-04
   2   4   1  -3.40144136569E-03
   3   4   1   3.40144136569E-03
   4   4   1  -7.07292222222E-04
   5   4   1  -3.06256358791E-03
   6   4   1   3.06256358791E-03
   1   5   1  -2.29728986138E-03
   2   5   1   2.20483997680E-03
   3   5   1   5.24469057579E-19
   4   5   1  -2.20483997680E-03
   5   5   1   2.29728986138E-03
   6   5   1   8.94826778389E-20
   1   6   1   6.21672990521E-03
   2   6   1  -3.44870388889E-03
   3   6   1  -4.08972608791E-03
   4   6   1   4.08972608791E-03
   5   6   1   3.44870388889E-03
   6   6   1  -6.21672990521E-03
   1   2   1   2
   1   1   1   1.62671416667E-02
   2   1   1  -1.62671419509E-02
   3   1   1  -4.73261183303E-03
   4   1   1   2.62182944444E-03
   5   1   1  -2.62182983363E-03
   6   1   1   4.73261250647E-03
   1   2   1  -2.27292737564E-03
   2   2   1  -3.65470716434E-10
   3   2   1   2.27292773542E-03
   4   2   1  -6.87057791327E-03
   5   2   1  -3.59783156923E-10
   6   2   1   6.87057827874E-03
   1   3   1  -6.14406469775E-04
   2   3   1   5.07118429237E-03
   3   3   1  -5.07118352911E-03
   4   3   1   6.14406802799E-04
   5   3   1   2.85981020424E-03
   6   3   1  -2.85981130053E-03
   1   4   1   2.00742277778E-03
   2   4   1  -2.39973144659E-03
   3   4   1   9.88217115970E-10
   4   4   1   2.39973055556E-03
   5   4   1  -2.00742376599E-03
   6   4   1   8.91034954154E-10
   1   5   1  -7.00554019689E-03
   2   5   1   1.33167852275E-03
   3   5   1   3.68791812909E-03
   4   5   1  -3.68791791391E-03
   5   5   1  -1.33167813756E-03
   6   5   1   7.00553959652E-03
   1   6   1  -4.02137664187E-10
   2   6   1   8.89783116570E-03
   3   6   1  -3.73950575133E-03
   4   6   1  -9.75615821629E-10
   5   6   1   3.73950615347E-03
   6   6   1  -8.89783019008E-03
   1   2   2   1
   1   1   1   1.62671416667E-02
   2   1   1   4.73261250647E-03
   3   1   1  -2.62182983363E-03
   4   1   1   2.62182944444E-03
   5   1   1  -4.73261183303E-03
   6   1   1  -1.62671419509E-02
   1   2   1  -4.02137664187E-10
   2   2   1  -8.89783019008E-03
   3   2   1   3.73950615347E-03
   4   2   1  -9.75615821629E-10
   5   2   1  -3.73950575133E-03
   6   2   1   8.89783116570E-03
   1   3   1  -7.00554019689E-03
   2   3   1   7.00553959652E-03
   3   3   1  -1.33167813756E-03
   4   3   1  -3.68791791391E-03
   5   3   1   3.68791812909E-03
   6   3   1   1.33167852275E-03
   1   4   1   2.00742277778E-03
   2   4   1   8.91034954154E-10
   3   4   1  -2.00742376599E-03
   4   4   1   2.39973055556E-03
   5   4   1   9.88217115970E-10
   6   4   1  -2.39973144659E-03
   1   5   1  -6.14406469775E-04
   2   5   1  -2.85981130053E-03
   3   5   1   2.85981020424E-03
   4   5   1   6.14406802799E-04
   5   5   1  -5.07118352911E-03
   6   5   1   5.07118429237E-03
   1   6   1  -2.27292737564E-03
   2   6   1   6.87057827874E-03
   3   6   1  -3.59783156923E-10
   4   6   1  -6.87057791327E-03
   5   6   1   2.27292773542E-03
   6   6   1  -3.65470716434E-10
   1   2   2   2
   1   1   1  -9.63735264432E-20
   2   1   1   9.53053018299E-03
   3   1   1  -2.97731402805E-03
   4   1   1   1.92747052886E-19
   5   1   1   2.97731402805E-03
   6   1   1  -9.53053018299E-03
   1   2   1   6.21672990521E-03
   2   2   1  -6.21672990521E-03
   3   2   1   3.44870388889E-03
   4   2   1   4.08972608791E-03
   5   2   1  -4.08972608791E-03
   6   2   1  -3.44870388889E-03
   1   3   1  -2.29728986138E-03
   2   3   1   8.94826778389E-20
   3   3   1   2.29728986138E-03
   4   3   1  -2.20483997680E-03
   5   3   1   5.24469057579E-19
   6   3   1   2.20483997680E-03
   1   4   1   7.07292222222E-04
   2   4   1   3.06256358791E-03
   3   4   1  -3.06256358791E-03
   4   4   1  -7.07292222222E-04
   5   4   1   3.40144136569E-03
   6   4   1  -3.40144136569E-03
   1   5   1   3.65733819471E-03
   2   5   1  -4.25916497680E-03
   3   5   1  -4.86518249856E-19
   4   5   1   4.25916497680E-03
   5   5   1  -3.65733819471E-03
   6   5   1   4.41133469549E-20
   1   6   1  -1.28443304608E-02
   2   6   1  -3.44870388889E-03
   3   6   1   2.37427886569E-03
   4   6   1  -2.37427886569E-03
   5   6   1   3.44870388889E-03
   6   6   1   1.28443304608E-02
   1   3   1   1
   1   1   1   0.00000000000E+00
   2   1   1   0.00000000000E+00
   3   1   1   0.00000000000E+00
   4   1   1   0.00000000000E+00
   5   1   1   0.00000000000E+00
   6   1   1   0.00000000000E+00
   1   2   1   0.00000000000E+00
   2   2   1   0.00000000000E+00
   3   2   1   0.00000000000E+00
   4   2   1   0.00000000000E+00
   5   2   1   0.00000000000E+00
   6   2   1   0.00000000000E+00
   1   3   1   0.00000000000E+00
   2   3   1   0.00000000000E+00
   3   3   1   0.00000000000E+00
   4   3   1   0.00000000000E+00
   5   3   1   0.00000000000E+00
   6   3   1   0.00000000000E+00
   1   4   1   0.00000000000E+00
   2   4   1   0.00000000000E+00
   3   4   1   0.00000000000E+00
   4   4   1   0.00000000000E+00
   5   4   1   0.00000000000E+00
   6   4   1   0.00000000000E+00
   1   5   1   0.00000000000E+00
   2   5   1   0.00000000000E+00
   3   5   1   0.00000000000E+00
   4   5   1   0.00000000000E+00
   5   5   1   0.00000000000E+00
   6   5   1   0.00000000000E+00
   1   6   1   0.00000000000E+00
   2   6   1   0.00000000000E+00
   3   6   1   0.00000000000E+00
   4   6   1   0.00000000000E+00
   5   6   1   0.00000000000E+00
   6   6   1   0.00000000000E+00
   1   3   1   2
   1   1   1   0.00000000000E+00
   2   1   1   0.00000000000E+00
   3   1   1   0.00000000000E+00
   4   1   1   0.00000000000E+00
   5   1   1   0.00000000000E+00
   6   1   1   0.00000000000E+00
   1   2   1   0.00000000000E+00
   2   2   1   0.00000000000E+00
   3   2   1   0.00000000000E+00
   4   2   1   0.00000000000E+00
   5   2   1   0.00000000000E+00
   6   2   1   0.00000000000E+00
   1   3   1   0.00000000000E+00
   2   3   1   0.00000000000E+00
   3   3   1   0.00000000000E+00
   4   3   1   0.00000000000E+00
   5   3   1   0.00000000000E+00
   6   3   1   0.00000000000E+00
   1   4   1   0.00000000000E+00
   2   4   1   0.00000000000E+00
   3   4   1   0.00000000000E+00
   4   4   1   0.00000000000E+00
   5   4   1   0.00000000000E+00
   6   4   1   0.00000000000E+00
   1   5   1   0.00000000000E+00
   2   5   1   0.00000000000E+00
   3   5   1   0.00000000000E+00
   4   5   1   0.00000000000E+00
   5   5   1   0.00000000000E+00
   6   5   1   0.00000000000E+00
   1   6   1   0.00000000000E+00
   2   6   1   0.00000000000E+00
   3   6   1   0.00000000000E+00
   4   6   1   0.00000000000E+00
   5   6   1   0.00000000000E+00
   6   6   1   0.00000000000E+00
   1   3   2   1
   1   1   1   0.00000000000E+00
   2   1   1   0.00000000000E+00
   3   1   1   0.00000000000E+00
   4   1   1   0.00000000000E+00
   5   1   1   0.00000000000E+00
   6   1   1   0.00000000000E+00
   1   2   1   0.00000000000E+00
   2   2   1   0.00000000000E+00
   3   2   1   0.00000000000E+00
   4   2   1   0.00000000000E+00
   5   2   1   0.00000000000E+00
   6   2   1   0.00000000000E+00
   1   3   1   0.00000000000E+00
   2   3   1   0.00000000000E+00
   3   3   1   0.00000000000E+00
   4   3   1   0.00000000000E+00
   5   3   1   0.00000000000E+00
   6   3   1   0.00000000000E+00
   1   4   1   0.00000000000E+00
   2   4   1   0.00000000000E+00
   3   4   1   0.00000000000E+00
   4   4   1   0.00000000000E+00
   5   4   1   0.00000000000E+00
   6   4   1   0.00000000000E+00
   1   5   1   0.00000000000E+00
   2   5   1   0.00000000000E+00
   3   5   1   0.00000000000E+00
   4   5   1   0.00000000000E+00
   5   5   1   0.00000000000E+00
   6   5   1   0.00000000000E+00
   1   6   1   0.00000000000E+00
   2   6   1   0.00000000000E+00
   3   6   1   0.00000000000E+00
   4   6   1   0.00000000000E+00
   5   6   1   0.00000000000E+00
   6   6   1   0.00000000000E+00
   1   3   2   2
   1   1   1   0.00000000000E+00
   2   1   1   0.00000000000E+00
   3   1   1   0.00000000000E+00
   4   1   1   0.00000000000E+00
   5   1   1   0.00000000000E+00
   6   1   1   0.00000000000E+00
   1   2   1   0.00000000000E+00
   2   2   1   0.00000000000E+00
   3   2   1   0.00000000000E+00
   4   2   1   0.00000000000E+00
   5   2   1   0.00000000000E+00
   6   2   1   0.00000000000E+00
   1   3   1   0.00000000000E+00
   2   3   1   0.00000000000E+00
   3   3   1   0.00000000000E+00
   4   3   1   0.00000000000E+00
   5   3   1   0.00000000000E+00
   6   3   1   0.00000000000E+00
   1   4   1   0.00000000000E+00
   2   4   1   0.00000000000E+00
   3   4   1   0.00000000000E+00
   4   4   1   0.00000000000E+00
   5   4   1   0.00000000000E+00
   6   4   1   0.00000000000E+00
   1   5   1   0.00000000000E+00
   2   5   1   0.00000000000E+00
   3   5   1   0.00000000000E+00
   4   5   1   0.00000000000E+00
   5   5   1   0.00000000000E+00
   6   5   1   0.00000000000E+00
   1   6   1   0.00000000000E+00
   2   6   1   0.00000000000E+00
   3   6   1   0.00000000000E+00
   4   6   1   0.00000000000E+00
   5   6   1   0.00000000000E+00
   6   6   1   0.00000000000E+00
   2   1   1   1
   1   1   1  -9.63735264432E-20
   2   1   1   9.53053018299E-03
   3   1   1  -2.97731402805E-03
   4   1   1   1.92747052886E-19
   5   1   1   2.97731402805E-03
   6   1   1  -9.53053018299E-03
   1   2   1   6.21672990521E-03
   2   2   1  -6.21672990521E-03
   3   2   1   3.44870388889E-03
   4   2   1   4.08972608791E-03
   5   2   1  -4.08972608791E-03
   6   2   1  -3.44870388889E-03
   1   3   1  -2.29728986138E-03
   2   3   1   8.94826778389E-20
   3   3   1   2.29728986138E-03
   4   3   1  -2.20483997680E-03
   5   3   1   5.24469057579E-19
   6   3   1   2.20483997680E-03
   1   4   1   7.07292222222E-04
   2   4   1   3.06256358791E-03
   3   4   1  -3.06256358791E-03
   4   4   1  -7.07292222222E-04
   5   4   1   3.40144136569E-03
   6   4   1  -3.40144136569E-03
   1   5   1   3.65733819471E-03
   2   5   1  -4.25916497680E-03
   3   5   1  -4.86518249856E-19
   4   5   1   4.25916497680E-03
   5   5   1  -3.65733819471E-03
   6   5   1   4.41133469549E-20
   1   6   1  -1.28443304608E-02
   2   6   1  -3.44870388889E-03
   3   6   1   2.37427886569E-03
   4   6   1  -2.37427886569E-03
   5   6   1   3.44870388889E-03
   6   6   1   1.28443304608E-02
   2   1   1   2
   1   1   1   1.62671416667E-02
   2   1   1  -1.62671419509E-02
   3   1   1  -4.73261183303E-03
   4   1   1   2.62182944444E-03
   5   1   1  -2.62182983363E-03
   6   1   1   4.73261250647E-03
   1   2   1  -2.27292737564E-03
   2   2   1  -3.65470716434E-10
   3   2   1   2.27292773542E-03
   4   2   1  -6.87057791327E-03
   5   2   1  -3.59783156923E-10
   6   2   1   6.87057827874E-03
   1   3   1  -6.14406469775E-04
   2   3   1   5.07118429237E-03
   3   3   1  -5.07118352911E-03
   4   3   1   6.14406802799E-04
   5   3   1   2.85981020424E-03
   6   3   1  -2.85981130053E-03
   1   4   1   2.00742277778E-03
   2   4   1  -2.39973144659E-03
   3   4   1   9.88217115970E-10
   4   4   1   2.39973055556E-03
   5   4   1  -2.00742376599E-03
   6   4   1   8.91034954154E-10
   1   5   1  -7.00554019689E-03
   2   5   1   1.33167852275E-03
   3   5   1   3.68791812909E-03
   4   5   1  -3.68791791391E-03
   5   5   1  -1.33167813756E-03
   6   5   1   7.00553959652E-03
   1   6   1  -4.02137664187E-10
   2   6   1   8.89783116570E-03
   3   6   1  -3.73950575133E-03
   4   6   1  -9.75615821629E-10
   5   6   1   3.73950615347E-03
   6   6   1  -8.89783019008E-03
   2   1   2   1
   1   1   1   1.62671416667E-02
   2   1   1   4.73261250647E-03
   3   1   1  -2.62182983363E-03
   4   1   1   2.62182944444E-03
   5   1   1  -4.73261183303E-03
   6   1   1  -1.62671419509E-02
   1   2   1  -4.02137664187E-10
   2   2   1  -8.89783019008E-03
   3   2   1   3.73950615347E-03
   4   2   1  -9.75615821629E-10
   5   2   1  -3.73950575133E-03
   6   2   1   8.89783116570E-03
   1   3   1  -7.00554019689E-03
   2   3   1   7.00553959652E-03
   3   3   1  -1.33167813756E-03
   4   3   1  -3.68791791391E-03
   5   3   1   3.68791812909E-03
   6   3   1   1.33167852275E-03
   1   4   1   2.00742277778E-03
   2   4   1   8.91034954154E-10
   3   4   1  -2.00742376599E-03
   4   4   1   2.39973055556E-03
   5   4   1   9.88217115970E-10
   6   4   1  -2.39973144659E-03
   1   5   1  -6.14406469775E-04
   2   5   1  -2.85981130053E-03
   3   5   1   2.85981020424E-03
   4   5   1   6.14406802799E-04
   5   5   1  -5.07118352911E-03
   6   5   1   5.07118429237E-03
   1   6   1  -2.27292737564E-03
   2   6   1   6.87057827874E-03
   3   6   1  -3.59783156923E-10
   4   6   1  -6.87057791327E-03
   5   6   1   2.27292773542E-03
   6   6   1  -3.65470716434E-10
   2   1   2   2
   1   1   1  -9.63735264432E-20
   2   1   1  -9.53053018299E-03
   3   1   1   2.97731402805E-03
   4   1   1   1.92747052886E-19
   5   1   1  -2.97731402805E-03
   6   1   1   9.53053018299E-03
   1   2   1  -1.28443304608E-02
   2   2   1   1.28443304608E-02
   3   2   1   3.44870388889E-03
   4   2   1  -2.37427886569E-03
   5   2   1   2.37427886569E-03
   6   2   1  -3.44870388889E-03
   1   3   1   3.65733819471E-03
   2   3   1   4.41133469549E-20
   3   3   1  -3.65733819471E-03
   4   3   1   4.25916497680E-03
   5   3   1  -4.86518249856E-19
   6   3   1  -4.25916497680E-03
   1   4   1   7.07292222222E-04
   2   4   1  -3.40144136569E-03
   3   4   1   3.40144136569E-03
   4   4   1  -7.07292222222E-04
   5   4   1  -3.06256358791E-03
   6   4   1   3.06256358791E-03
   1   5   1  -2.29728986138E-03
   2   5   1   2.20483997680E-03
   3   5   1   5.24469057579E-19
   4   5   1  -2.20483997680E-03
   5   5   1   2.29728986138E-03
   6   5   1   8.94826778389E-20
   1   6   1   6.21672990521E-03
   2   6   1  -3.44870388889E-03
   3   6   1  -4.08972608791E-03
   4   6   1   4.08972608791E-03
   5   6   1   3.44870388889E-03
   6   6   1  -6.21672990521E-03
   2   2   1   1
   1   1   1   4.48661980556E-02
   2   1   1   4.37837222222E-03
   3   1   1   1.66241555556E-03
   4   1   1   6.60129805556E-03
   5   1   1   1.66241555556E-03
   6   1   1   4.37837222222E-03
   1   2   1   1.01180422222E-02
   2   2   1   1.01180422222E-02
   3   2   1   1.27286897222E-02
   4   2   1   2.67603222222E-03
   5   2   1   2.67603222222E-03
   6   2   1   1.27286897222E-02
   1   3   1   4.84578888889E-04
   2   3   1   1.87020197222E-02
   3   3   1   4.84578888889E-04
   4   3   1   2.96950888889E-03
   5   3   1   9.49812638889E-03
   6   3   1   2.96950888889E-03
   1   4   1   5.37623138889E-03
   2   4   1   4.45512888889E-03
   3   4   1   4.45512888889E-03
   4   4   1   5.37623138889E-03
   5   4   1   4.45512888889E-03
   6   4   1   4.45512888889E-03
   1   5   1   4.84578888889E-04
   2   5   1   2.96950888889E-03
   3   5   1   9.49812638889E-03
   4   5   1   2.96950888889E-03
   5   5   1   4.84578888889E-04
   6   5   1   1.87020197222E-02
   1   6   1   1.01180422222E-02
   2   6   1   1.27286897222E-02
   3   6   1   2.67603222222E-03
   4   6   1   2.67603222222E-03
   5   6   1   1.27286897222E-02
   6   6   1   1.01180422222E-02
   2   2   1   2
   1   1   1  -1.15583869444E-02
   2   1   1  -1.15583862213E-02
   3   1   1  -1.29997174739E-02
   4   1   1  -1.99612583333E-03
   5   1   1  -1.99612474827E-03
   6   1   1  -1.29997171121E-02
   1   2   1  -8.65767944544E-04
   2   2   1  -1.92339483364E-02
   3   2   1  -8.65767326651E-04
   4   2   1  -4.08490213022E-03
   5   2   1  -9.45432272398E-03
   6   2   1  -4.08490088820E-03
   1   3   1  -5.47308421428E-03
   2   3   1  -4.73811356566E-03
   3   3   1  -4.73811430241E-03
   4   3   1  -5.47308395932E-03
   5   3   1  -4.50098517723E-03
   6   3   1  -4.50098616893E-03
   1   4   1  -9.31943055556E-04
   2   4   1  -2.77975264885E-03
   3   4   1  -9.16393846327E-03
   4   4   1  -2.77975305556E-03
   5   4   1  -9.31942647846E-04
   6   4   1  -1.59850917956E-02
   1   5   1  -9.06289134128E-03
   2   5   1  -1.12151271644E-02
   3   5   1  -2.77627537833E-03
   4   5   1  -2.77627604068E-03
   5   5   1  -1.12151279198E-02
   6   5   1  -9.06289143434E-03
   1   6   1  -3.97339031666E-02
   2   6   1  -3.82245188958E-03
   3   6   1  -2.43157838713E-03
   4   6   1  -6.93620898089E-03
   5   6   1  -2.43157878446E-03
   6   6   1  -3.82245277475E-03
   2   2   2   1
   1   1   1  -1.15583869444E-02
   2   1   1  -1.29997171121E-02
   3   1   1  -1.99612474827E-03
   4   1   1  -1.99612583333E-03
   5   1   1  -1.29997174739E-02
   6   1   1  -1.15583862213E-02
   1   2   1  -3.97339031666E-02
   2   2   1  -3.82245277475E-03
   3   2   1  -2.43157878446E-03
   4   2   1  -6.93620898089E-03
   5   2   1  -2.43157838713E-03
   6   2   1  -3.82245188958E-03
   1   3   1  -9.06289134128E-03
   2   3   1  -9.06289143434E-03
   3   3   1  -1.12151279198E-02
   4   3   1  -2.77627604068E-03
   5   3   1  -2.77627537833E-03
   6   3   1  -1.12151271644E-02
   1   4   1  -9.31943055556E-04
   2   4   1  -1.59850917956E-02
   3   4   1  -9.31942647846E-04
   4   4   1  -2.77975305556E-03
   5   4   1  -9.16393846327E-03
   6   4   1  -2.77975264885E-03
   1   5   1  -5.47308421428E-03
   2   5   1  -4.50098616893E-03
   3   5   1  -4.50098517723E-03
   4   5   1  -5.47308395932E-03
   5   5   1  -4.73811430241E-03
   6   5   1  -4.73811356566E-03
   1   6   1  -8.65767944544E-04
   2   6   1  -4.08490088820E-03
   3   6   1  -9.45432272398E-03
   4   6   1  -4.08490213022E-03
   5   6   1  -8.65767326651E-04
   6   6   1  -1.92339483364E-02
   2   2   2   2
   1   1   1   4.48661980556E-02
   2   1   1   4.37837222222E-03
   3   1   1   1.66241555556E-03
   4   1   1   6.60129805556E-03
   5   1   1   1.66241555556E-03
   6   1   1   4.37837222222E-03
   1   2   1   1.01180422222E-02
   2   2   1   1.01180422222E-02
   3   2   1   1.27286897222E-02
   4   2   1   2.67603222222E-03
   5   2   1   2.67603222222E-03
   6   2   1   1.27286897222E-02
   1   3   1   4.84578888889E-04
   2   3   1   1.87020197222E-02
   3   3   1   4.84578888889E-04
   4   3   1   2.96950888889E-03
   5   3   1   9.49812638889E-03
   6   3   1   2.96950888889E-03
   1   4   1   5.37623138889E-03
   2   4   1   4.45512888889E-03
   3   4   1   4.45512888889E-03
   4   4   1   5.37623138889E-03
   5   4   1   4.45512888889E-03
   6   4   1   4.45512888889E-03
   1   5   1   4.84578888889E-04
   2   5   1   2.96950888889E-03
   3   5   1   9.49812638889E-03
   4   5   1   2.96950888889E-03
   5   5   1   4.84578888889E-04
   6   5   1   1.87020197222E-02
   1   6   1   1.01180422222E-02
   2   6   1   1.27286897222E-02
   3   6   1   2.67603222222E-03
   4   6   1   2.67603222222E-03
   5   6   1   1.27286897222E-02
   6   6   1   1.01180422222E-02
   2   3   1   1
   1   1   1   0.00000000000E+00
   2   1   1   0.00000000000E+00
   3   1   1   0.00000000000E+00
   4   1   1   0.00000000000E+00
   5   1   1   0.00000000000E+00
   6   1   1   0.00000000000E+00
   1   2   1   0.00000000000E+00
   2   2   1   0.00000000000E+00
   3   2   1   0.00000000000E+00
   4   2   1   0.00000000000E+00
   5   2   1   0.00000000000E+00
   6   2   1   0.00000000000E+00
   1   3   1   0.00000000000E+00
   2   3   1   0.00000000000E+00
   3   3   1   0.00000000000E+00
   4   3   1   0.00000000000E+00
   5   3   1   0.00000000000E+00
   6   3   1   0.00000000000E+00
   1   4   1   0.00000000000E+00
   2   4   1   0.00000000000E+00
   3   4   1   0.00000000000E+00
   4   4   1   0.00000000000E+00
   5   4   1   0.00000000000E+00
   6   4   1   0.00000000000E+00
   1   5   1   0.00000000000E+00
   2   5   1   0.00000000000E+00
   3   5   1   0.00000000000E+00
   4   5   1   0.00000000000E+00
   5   5   1   0.00000000000E+00
   6   5   1   0.00000000000E+00
   1   6   1   0.00000000000E+00
   2   6   1   0.00000000000E+00
   3   6   1   0.00000000000E+00
   4   6   1   0.00000000000E+00
   5   6   1   0.00000000000E+00
   6   6   1   0.00000000000E+00
   2   3   1   2
   1   1   1   0.00000000000E+00
   2   1   1   0.00000000000E+00
   3   1   1   0.00000000000E+00
   4   1   1   0.00000000000E+00
   5   1   1   0.00000000000E+00
   6   1   1   0.00000000000E+00
   1   2   1   0.00000000000E+00
   2   2   1   0.00000000000E+00
   3   2   1   0.00000000000E+00
   4   2   1   0.00000000000E+00
   5   2   1   0.00000000000E+00
   6   2   1   0.00000000000E+00
   1   3   1   0.00000000000E+00
   2   3   1   0.00000000000E+00
   3   3   1   0.00000000000E+00
   4   3   1   0.00000000000E+00
   5   3   1   0.00000000000E+00
   6   3   1   0.00000000000E+00
   1   4   1   0.00000000000E+00
   2   4   1   0.00000000000E+00
   3   4   1   0.00000000000E+00
   4   4   1   0.00000000000E+00
   5   4   1   0.00000000000E+00
   6   4   1   0.00000000000E+00
   1   5   1   0.00000000000E+00
   2   5   1   0.00000000000E+00
   3   5   1   0.00000000000E+00
   4   5   1   0.00000000000E+00
   5   5   1   0.00000000000E+00
   6   5   1   0.00000000000E+00
   1   6   1   0.00000000000E+00
   2   6   1   0.00000000000E+00
   3   6   1   0.00000000000E+00
   4   6   1   0.00000000000E+00
   5   6   1   0.00000000000E+00
   6   6   1   0.00000000000E+00
   2   3   2   1
   1   1   1   0.00000000000E+00
   2   1   1   0.00000000000E+00
   3   1   1   0.00000000000E+00
   4   1   1   0.00000000000E+00
   5   1   1   0.00000000000E+00
   6   1   1   0.00000000000E+00
   1   2   1   0.00000000000E+00
   2   2   1   0.00000000000E+00
   3   2   1   0.00000000000E+00
   4   2   1   0.00000000000E+00
   5   2   1   0.00000000000E+00
   6   2   1   0.00000000000E+00
   1   3   1   0.00000000000E+00
   2   3   1   0.00000000000E+00
   3   3   1   0.00000000000E+00
   4   3   1   0.00000000000E+00
   5   3   1   0.00000000000E+00
   6   3   1   0.00000000000E+00
   1   4   1   0.00000000000E+00
   2   4   1   0.00000000000E+00
   3   4   1   0.00000000000E+00
   4   4   1   0.00000000000E+00
   5   4   1   0.00000000000E+00
   6   4   1   0.00000000000E+00
   1   5   1   0.00000000000E+00
   2   5   1   0.00000000000E+00
   3   5   1   0.00000000000E+00
   4   5   1   0.00000000000E+00
   5   5   1   0.00000000000E+00
   6   5   1   0.00000000000E+00
   1   6   1   0.00000000000E+00
   2   6   1   0.00000000000E+00
   3   6   1   0.00000000000E+00
   4   6   1   0.00000000000E+00
   5   6   1   0.00000000000E+00
   6   6   1   0.00000000000E+00
   2   3   2   2
   1   1   1   0.00000000000E+00
   2   1   1   0.00000000000E+00
   3   1   1   0.00000000000E+00
   4   1   1   0.00000000000E+00
   5   1   1   0.00000000000E+00
   6   1   1   0.00000000000E+00
   1   2   1   0.00000000000E+00
   2   2   1   0.00000000000E+00
   3   2   1   0.00000000000E+00
   4   2   1   0.00000000000E+00
   5   2   1   0.00000000000E+00
   6   2   1   0.00000000000E+00
   1   3   1   0.00000000000E+00
   2   3   1   0.00000000000E+00
   3   3   1   0.00000000000E+00
   4   3   1   0.00000000000E+00
   5   3   1   0.00000000000E+00
   6   3   1   0.00000000000E+00
   1   4   1   0.00000000000E+00
   2   4   1   0.00000000000E+00
   3   4   1   0.00000000000E+00
   4   4   1   0.00000000000E+00
   5   4   1   0.00000000000E+00
   6   4   1   0.00000000000E+00
   1   5   1   0.00000000000E+00
   2   5   1   0.00000000000E+00
   3   5   1   0.00000000000E+00
   4   5   1   0.00000000000E+00
   5   5   1   0.00000000000E+00
   6   5   1   0.00000000000E+00
   1   6   1   0.00000000000E+00
   2   6   1   0.00000000000E+00
   3   6   1   0.00000000000E+00
   4   6   1   0.00000000000E+00
   5   6   1   0.00000000000E+00
   6   6   1   0.00000000000E+00
   3   1   1   1
   1   1   1   0.00000000000E+00
   2   1   1   0.00000000000E+00
   3   1   1   0.00000000000E+00
   4   1   1   0.00000000000E+00
   5   1   1   0.00000000000E+00
   6   1   1   0.00000000000E+00
   1   2   1   0.00000000000E+00
   2   2   1   0.00000000000E+00
   3   2   1   0.00000000000E+00
   4   2   1   0.00000000000E+00
   5   2   1   0.00000000000E+00
   6   2   1   0.00000000000E+00
   1   3   1   0.00000000000E+00
   2   3   1   0.00000000000E+00
   3   3   1   0.00000000000E+00
   4   3   1   0.00000000000E+00
   5   3   1   0.00000000000E+00
   6   3   1   0.00000000000E+00
   1   4   1   0.00000000000E+00
   2   4   1   0.00000000000E+00
   3   4   1   0.00000000000E+00
   4   4   1   0.00000000000E+00
   5   4   1   0.00000000000E+00
   6   4   1   0.00000000000E+00
   1   5   1   0.00000000000E+00
   2   5   1   0.00000000000E+00
   3   5   1   0.00000000000E+00
   4   5   1   0.00000000000E+00
   5   5   1   0.00000000000E+00
   6   5   1   0.00000000000E+00
   1   6   1   0.00000000000E+00
   2   6   1   0.00000000000E+00
   3   6   1   0.00000000000E+00
   4   6   1   0.00000000000E+00
   5   6   1   0.00000000000E+00
   6   6   1   0.00000000000E+00
   3   1   1   2
   1   1   1   0.00000000000E+00
   2   1   1   0.00000000000E+00
   3   1   1   0.00000000000E+00
   4   1   1   0.00000000000E+00
   5   1   1   0.00000000000E+00
   6   1   1   0.00000000000E+00
   1   2   1   0.00000000000E+00
   2   2   1   0.00000000000E+00
   3   2   1   0.00000000000E+00
   4   2   1   0.00000000000E+00
   5   2   1   0.00000000000E+00
   6   2   1   0.00000000000E+00
   1   3   1   0.00000000000E+00
   2   3   1   0.00000000000E+00
   3   3   1   0.00000000000E+00
   4   3   1   0.00000000000E+00
   5   3   1   0.00000000000E+00
   6   3   1   0.00000000000E+00
   1   4   1   0.00000000000E+00
   2   4   1   0.00000000000E+00
   3   4   1   0.00000000000E+00
   4   4   1   0.00000000000E+00
   5   4   1   0.00000000000E+00
   6   4   1   0.00000000000E+00
   1   5   1   0.00000000000E+00
   2   5   1   0.00000000000E+00
   3   5   1   0.00000000000E+00
   4   5   1   0.00000000000E+00
   5   5   1   0.00000000000E+00
   6   5   1   0.00000000000E+00
   1   6   1   0.00000000000E+00
   2   6   1   0.00000000000E+00
   3   6   1   0.00000000000E+00
   4   6   1   0.00000000000E+00
   5   6   1   0.00000000000E+00
   6   6   1   0.00000000000E+00
   3   1   2   1
   1   1   1   0.00000000000E+00
   2   1   1   0.00000000000E+00
   3   1   1   0.00000000000E+00
   4   1   1   0.00000000000E+00
   5   1   1   0.00000000000E+00
   6   1   1   0.00000000000E+00
   1   2   1   0.00000000000E+00
   2   2   1   0.00000000000E+00
   3   2   1   0.00000000000E+00
   4   2   1   0.00000000000E+00
   5   2   1   0.00000000000E+00
   6   2   1   0.00000000000E+00
   1   3   1   0.00000000000E+00
   2   3   1   0.00000000000E+00
   3   3   1   0.00000000000E+00
   4   3   1   0.00000000000E+00
   5   3   1   0.00000000000E+00
   6   3   1   0.00000000000E+00
   1   4   1   0.00000000000E+00
   2   4   1   0.00000000000E+00
   3   4   1   0.00000000000E+00
   4   4   1   0.00000000000E+00
   5   4   1   0.00000000000E+00
   6   4   1   0.00000000000E+00
   1   5   1   0.00000000000E+00
   2   5   1   0.00000000000E+00
   3   5   1   0.00000000000E+00
   4   5   1   0.00000000000E+00
   5   5   1   0.00000000000E+00
   6   5   1   0.00000000000E+00
   1   6   1   0.00000000000E+00
   2   6   1   0.00000000000E+00
   3   6   1   0.00000000000E+00
   4   6   1   0.00000000000E+00
   5   6   1   0.00000000000E+00
   6   6   1   0.00000000000E+00
   3   1   2   2
   1   1   1   0.00000000000E+00
   2   1   1   0.00000000000E+00
   3   1   1   0.00000000000E+00
   4   1   1   0.00000000000E+00
   5   1   1   0.00000000000E+00
   6   1   1   0.00000000000E+00
   1   2   1   0.00000000000E+00
   2   2   1   0.00000000000E+00
   3   2   1   0.00000000000E+00
   4   2   1   0.00000000000E+00
   5   2   1   0.00000000000E+00
   6   2   1   0.00000000000E+00
   1   3   1   0.00000000000E+00
   2   3   1   0.00000000000E+00
   3   3   1   0.00000000000E+00
   4   3   1   0.00000000000E+00
   5   3   1   0.00000000000E+00
   6   3   1   0.00000000000E+00
   1   4   1   0.00000000000E+00
   2   4   1   0.00000000000E+00
   3   4   1   0.00000000000E+00
   4   4   1   0.00000000000E+00
   5   4   1   0.00000000000E+00
   6   4   1   0.00000000000E+00
   1   5   1   0.00000000000E+00
   2   5   1   0.00000000000E+00
   3   5   1   0.00000000000E+00
   4   5   1   0.00000000000E+00
   5   5   1   0.00000000000E+00
   6   5   1   0.00000000000E+00
   1   6   1   0.00000000000E+00
   2   6   1   0.00000000000E+00
   3   6   1   0.00000000000E+00
   4   6   1   0.00000000000E+00
   5   6   1   0.00000000000E+00
   6   6   1   0.00000000000E+00
   3   2   1   1
   1   1   1   0.00000000000E+00
   2   1   1   0.00000000000E+00
   3   1   1   0.00000000000E+00
   4   1   1   0.00000000000E+00
   5   1   1   0.00000000000E+00
   6   1   1   0.00000000000E+00
   1   2   1   0.00000000000E+00
   2   2   1   0.00000000000E+00
   3   2   1   0.00000000000E+00
   4   2   1   0.00000000000E+00
   5   2   1   0.00000000000E+00
   6   2   1   0.00000000000E+00
   1   3   1   0.00000000000E+00
   2   3   1   0.00000000000E+00
   3   3   1   0.00000000000E+00
   4   3   1   0.00000000000E+00
   5   3   1   0.00000000000E+00
   6   3   1   0.00000000000E+00
   1   4   1   0.00000000000E+00
   2   4   1   0.00000000000E+00
   3   4   1   0.00000000000E+00
   4   4   1   0.00000000000E+00
   5   4   1   0.00000000000E+00
   6   4   1   0.00000000000E+00
   1   5   1   0.00000000000E+00
   2   5   1   0.00000000000E+00
   3   5   1   0.00000000000E+00
   4   5   1   0.00000000000E+00
   5   5   1   0.00000000000E+00
   6   5   1   0.00000000000E+00
   1   6   1   0.00000000000E+00
   2   6   1   0.00000000000E+00
   3   6   1   0.00000000000E+00
   4   6   1   0.00000000000E+00
   5   6   1   0.00000000000E+00
   6   6   1   0.00000000000E+00
   3   2   1   2
   1   1   1   0.00000000000E+00
   2   1   1   0.00000000000E+00
   3   1   1   0.00000000000E+00
   4   1   1   0.00000000000E+00
   5   1   1   0.00000000000E+00
   6   1   1   0.00000000000E+00
   1   2   1   0.00000000000E+00
   2   2   1   0.00000000000E+00
   3   2   1   0.00000000000E+00
   4   2   1   0.00000000000E+00
   5   2   1   0.00000000000E+00
   6   2   1   0.00000000000E+00
   1   3   1   0.00000000000E+00
   2   3   1   0.00000000000E+00
   3   3   1   0.00000000000E+00
   4   3   1   0.00000000000E+00
   5   3   1   0.00000000000E+00
   6   3   1   0.00000000000E+00
   1   4   1   0.00000000000E+00
   2   4   1   0.00000000000E+00
   3   4   1   0.00000000000E+00
   4   4   1   0.00000000000E+00
   5   4   1   0.00000000000E+00
   6   4   1   0.00000000000E+00
   1   5   1   0.00000000000E+00
   2   5   1   0.00000000000E+00
   3   5   1   0.00000000000E+00
   4   5   1   0.00000000000E+00
   5   5   1   0.00000000000E+00
   6   5   1   0.00000000000E+00
   1   6   1   0.00000000000E+00
   2   6   1   0.00000000000E+00
   3   6   1   0.00000000000E+00
   4   6   1   0.00000000000E+00
   5   6   1   0.00000000000E+00
   6   6   1   0.00000000000E+00
   3   2   2   1
   1   1   1   0.00000000000E+00
   2   1   1   0.00000000000E+00
   3   1   1   0.00000000000E+00
   4   1   1   0.00000000000E+00
   5   1   1   0.00000000000E+00
   6   1   1   0.00000000000E+00
   1   2   1   0.00000000000E+00
   2   2   1   0.00000000000E+00
   3   2   1   0.00000000000E+00
   4   2   1   0.00000000000E+00
   5   2   1   0.00000000000E+00
   6   2   1   0.00000000000E+00
   1   3   1   0.00000000000E+00
   2   3   1   0.00000000000E+00
   3   3   1   0.00000000000E+00
   4   3   1   0.00000000000E+00
   5   3   1   0.00000000000E+00
   6   3   1   0.00000000000E+00
   1   4   1   0.00000000000E+00
   2   4   1   0.00000000000E+00
   3   4   1   0.00000000000E+00
   4   4   1   0.00000000000E+00
   5   4   1   0.00000000000E+00
   6   4   1   0.00000000000E+00
   1   5   1   0.00000000000E+00
   2   5   1   0.00000000000E+00
   3   5   1   0.00000000000E+00
   4   5   1   0.00000000000E+00
   5   5   1   0.00000000000E+00
   6   5   1   0.00000000000E+00
   1   6   1   0.00000000000E+00
   2   6   1   0.00000000000E+00
   3   6   1   0.00000000000E+00
   4   6   1   0.00000000000E+00
   5   6   1   0.00000000000E+00
   6   6   1   0.00000000000E+00
   3   2   2   2
   1   1   1   0.00000000000E+00
   2   1   1   0.00000000000E+00
   3   1   1   0.00000000000E+00
   4   1   1   0.00000000000E+00
   5   1   1   0.00000000000E+00
   6   1   1   0.00000000000E+00
   1   2   1   0.00000000000E+00
   2   2   1   0.00000000000E+00
   3   2   1   0.00000000000E+00
   4   2   1   0.00000000000E+00
   5   2   1   0.00000000000E+00
   6   2   1   0.00000000000E+00
   1   3   1   0.00000000000E+00
   2   3   1   0.00000000000E+00
   3   3   1   0.00000000000E+00
   4   3   1   0.00000000000E+00
   5   3   1   0.00000000000E+00
   6   3   1   0.00000000000E+00
   1   4   1   0.00000000000E+00
   2   4   1   0.00000000000E+00
   3   4   1   0.00000000000E+00
   4   4   1   0.00000000000E+00
   5   4   1   0.00000000000E+00
   6   4   1   0.00000000000E+00
   1   5   1   0.00000000000E+00
   2   5   1   0.00000000000E+00
   3   5   1   0.00000000000E+00
   4   5   1   0.00000000000E+00
   5   5   1   0.00000000000E+00
   6   5   1   0.00000000000E+00
   1   6   1   0.00000000000E+00
   2   6   1   0.00000000000E+00
   3   6   1   0.00000000000E+00
   4   6   1   0.00000000000E+00
   5   6   1   0.00000000000E+00
   6   6   1   0.00000000000E+00
   3   3   1   1
   1   1   1   1.80275833333E-04
   2   1   1  -7.37250000000E-05
   3   1   1  -2.10350000000E-05
   4   1   1   5.29958333333E-05
   5   1   1  -2.10350000000E-05
   6   1   1  -7.37250000000E-05
   1   2   1  -7.37250000000E-05
   2   2   1  -7.37250000000E-05
   3   2   1   8.88733333333E-05
   4   2   1  -3.65700000000E-05
   5   2   1  -3.65700000000E-05
   6   2   1   8.88733333333E-05
   1   3   1  -2.10350000000E-05
   2   3   1   8.88733333333E-05
   3   3   1  -2.10350000000E-05
   4   3   1  -3.65700000000E-05
   5   3   1   6.74733333333E-05
   6   3   1  -3.65700000000E-05
   1   4   1   5.29958333333E-05
   2   4   1  -3.65700000000E-05
   3   4   1  -3.65700000000E-05
   4   4   1   5.29958333333E-05
   5   4   1  -3.65700000000E-05
   6   4   1  -3.65700000000E-05
   1   5   1  -2.10350000000E-05
   2   5   1  -3.65700000000E-05
   3   5   1   6.74733333333E-05
   4   5   1  -3.65700000000E-05
   5   5   1  -2.10350000000E-05
   6   5   1   8.88733333333E-05
   1   6   1  -7.37250000000E-05
   2   6   1   8.88733333333E-05
   3   6   1  -3.65700000000E-05
   4   6   1  -3.65700000000E-05
   5   6   1   8.88733333333E-05
   6   6   1  -7.37250000000E-05
   3   3   1   2
   1   1   1  -5.67944444444E-06
   2   1   1  -5.67941736903E-06
   3   1   1  -8.20680189321E-06
   4   1   1   3.31666666667E-07
   5   1   1   3.31246337655E-07
   6   1   1  -8.20724929763E-06
   1   2   1  -8.20724929763E-06
   2   2   1   1.95405555556E-05
   3   2   1  -8.20639563708E-06
   4   2   1   1.56189162653E-05
   5   2   1  -7.88307089504E-06
   6   2   1   1.56204513917E-05
   1   3   1   3.31246337655E-07
   2   3   1  -5.47360436292E-06
   3   3   1  -5.47277777778E-06
   4   3   1   3.31738233233E-07
   5   3   1  -7.88340558460E-06
   6   3   1  -7.88307089504E-06
   1   4   1   3.31666666667E-07
   2   4   1   4.88886151244E-06
   3   4   1   2.24928433433E-07
   4   4   1   4.88722222222E-06
   5   4   1   3.31738233233E-07
   6   4   1   1.56189162653E-05
   1   5   1  -8.20680189321E-06
   2   5   1  -5.47359577162E-06
   3   5   1   2.24516695715E-07
   4   5   1   2.24928433433E-07
   5   5   1  -5.47277777778E-06
   6   5   1  -8.20639563708E-06
   1   6   1  -5.67941736903E-06
   2   6   1   1.95406597195E-05
   3   6   1  -5.47359577162E-06
   4   6   1   4.88886151244E-06
   5   6   1  -5.47360436292E-06
   6   6   1   1.95405555556E-05
   3   3   2   1
   1   1   1  -5.67944444444E-06
   2   1   1  -8.20724929763E-06
   3   1   1   3.31246337655E-07
   4   1   1   3.31666666667E-07
   5   1   1  -8.20680189321E-06
   6   1   1  -5.67941736903E-06
   1   2   1  -5.67941736903E-06
   2   2   1   1.95405555556E-05
   3   2   1  -5.47360436292E-06
   4   2   1   4.88886151244E-06
   5   2   1  -5.47359577162E-06
   6   2   1   1.95406597195E-05
   1   3   1  -8.20680189321E-06
   2   3   1  -8.20639563708E-06
   3   3   1  -5.47277777778E-06
   4   3   1   2.24928433433E-07
   5   3   1   2.24516695715E-07
   6   3   1  -5.47359577162E-06
   1   4   1   3.31666666667E-07
   2   4   1   1.56189162653E-05
   3   4   1   3.31738233233E-07
   4   4   1   4.88722222222E-06
   5   4   1   2.24928433433E-07
   6   4   1   4.88886151244E-06
   1   5   1   3.31246337655E-07
   2   5   1  -7.88307089504E-06
   3   5   1  -7.88340558460E-06
   4   5   1   3.31738233233E-07
   5   5   1  -5.47277777778E-06
   6   5   1  -5.47360436292E-06
   1   6   1  -8.20724929763E-06
   2   6   1   1.56204513917E-05
   3   6   1  -7.88307089504E-06
   4   6   1   1.56189162653E-05
   5   6   1  -8.20639563708E-06
   6   6   1   1.95405555556E-05
   3   3   2   2
   1   1   1   1.80275833333E-04
   2   1   1  -7.37250000000E-05
   3   1   1  -2.10350000000E-05
   4   1   1   5.29958333333E-05
   5   1   1  -2.10350000000E-05
   6   1   1  -7.37250000000E-05
   1   2   1  -7.37250000000E-05
   2   2   1  -7.37250000000E-05
   3   2   1   8.88733333333E-05
   4   2   1  -3.65700000000E-05
   5   2   1  -3.65700000000E-05
   6   2   1   8.88733333333E-05
   1   3   1  -2.10350000000E-05
   2   3   1   8.88733333333E-05
   3   3   1  -2.10350000000E-05
   4   3   1  -3.65700000000E-05
   5   3   1   6.74733333333E-05
   6   3   1  -3.65700000000E-05
   1   4   1   5.29958333333E-05
   2   4   1  -3.65700000000E-05
   3   4   1  -3.65700000000E-05
   4   4   1   5.29958333333E-05
   5   4   1  -3.65700000000E-05
   6   4   1  -3.65700000000E-05
   1   5   1  -2.10350000000E-05
   2   5   1  -3.65700000000E-05
   3   5   1   6.74733333333E-05
   4   5   1  -3.65700000000E-05
   5   5   1  -2.10350000000E-05
   6   5   1   8.88733333333E-05
   1   6   1  -7.37250000000E-05
   2   6   1   8.88733333333E-05
   3   6   1  -3.65700000000E-05
   4   6   1  -3.65700000000E-05
   5   6   1   8.88733333333E-05
   6   6   1  -7.37250000000E-05
