  2.000000000000000E-002 -0.311554224050810       0.122859845827793     
   6   6   1
   1   1   1   1
   1   1   1   1.96457155556E-02
   2   1   1   4.37448805556E-03
   3   1   1   4.37448805556E-03
   4   1   1   1.96457155556E-02
   5   1   1   4.37448805556E-03
   6   1   1   4.37448805556E-03
   1   2   1   4.37448805556E-03
   2   2   1   4.37448805556E-03
   3   2   1   1.96457155556E-02
   4   2   1   4.37448805556E-03
   5   2   1   4.37448805556E-03
   6   2   1   1.96457155556E-02
   1   3   1   4.37448805556E-03
   2   3   1   1.96457155556E-02
   3   3   1   4.37448805556E-03
   4   3   1   4.37448805556E-03
   5   3   1   1.96457155556E-02
   6   3   1   4.37448805556E-03
   1   4   1   1.96457155556E-02
   2   4   1   4.37448805556E-03
   3   4   1   4.37448805556E-03
   4   4   1   1.96457155556E-02
   5   4   1   4.37448805556E-03
   6   4   1   4.37448805556E-03
   1   5   1   4.37448805556E-03
   2   5   1   4.37448805556E-03
   3   5   1   1.96457155556E-02
   4   5   1   4.37448805556E-03
   5   5   1   4.37448805556E-03
   6   5   1   1.96457155556E-02
   1   6   1   4.37448805556E-03
   2   6   1   1.96457155556E-02
   3   6   1   4.37448805556E-03
   4   6   1   4.37448805556E-03
   5   6   1   1.96457155556E-02
   6   6   1   4.37448805556E-03
   1   1   1   2
   1   1   1  -1.42558691667E-02
   2   1   1  -1.42558692296E-02
   3   1   1   1.23132562897E-04
   4   1   1  -1.42558691667E-02
   5   1   1  -1.42558692296E-02
   6   1   1   1.23132562897E-04
   1   2   1  -1.42558692296E-02
   2   2   1   1.23132562897E-04
   3   2   1  -1.42558691667E-02
   4   2   1  -1.42558692296E-02
   5   2   1   1.23132562897E-04
   6   2   1  -1.42558691667E-02
   1   3   1   1.23132562897E-04
   2   3   1  -1.42558691667E-02
   3   3   1  -1.42558692296E-02
   4   3   1   1.23132562897E-04
   5   3   1  -1.42558691667E-02
   6   3   1  -1.42558692296E-02
   1   4   1  -1.42558691667E-02
   2   4   1  -1.42558692296E-02
   3   4   1   1.23132562897E-04
   4   4   1  -1.42558691667E-02
   5   4   1  -1.42558692296E-02
   6   4   1   1.23132562897E-04
   1   5   1  -1.42558692296E-02
   2   5   1   1.23132562897E-04
   3   5   1  -1.42558691667E-02
   4   5   1  -1.42558692296E-02
   5   5   1   1.23132562897E-04
   6   5   1  -1.42558691667E-02
   1   6   1   1.23132562897E-04
   2   6   1  -1.42558691667E-02
   3   6   1  -1.42558692296E-02
   4   6   1   1.23132562897E-04
   5   6   1  -1.42558691667E-02
   6   6   1  -1.42558692296E-02
   1   1   2   1
   1   1   1  -1.42558691667E-02
   2   1   1   1.23132562897E-04
   3   1   1  -1.42558692296E-02
   4   1   1  -1.42558691667E-02
   5   1   1   1.23132562897E-04
   6   1   1  -1.42558692296E-02
   1   2   1   1.23132562897E-04
   2   2   1  -1.42558692296E-02
   3   2   1  -1.42558691667E-02
   4   2   1   1.23132562897E-04
   5   2   1  -1.42558692296E-02
   6   2   1  -1.42558691667E-02
   1   3   1  -1.42558692296E-02
   2   3   1  -1.42558691667E-02
   3   3   1   1.23132562897E-04
   4   3   1  -1.42558692296E-02
   5   3   1  -1.42558691667E-02
   6   3   1   1.23132562897E-04
   1   4   1  -1.42558691667E-02
   2   4   1   1.23132562897E-04
   3   4   1  -1.42558692296E-02
   4   4   1  -1.42558691667E-02
   5   4   1   1.23132562897E-04
   6   4   1  -1.42558692296E-02
   1   5   1   1.23132562897E-04
   2   5   1  -1.42558692296E-02
   3   5   1  -1.42558691667E-02
   4   5   1   1.23132562897E-04
   5   5   1  -1.42558692296E-02
   6   5   1  -1.42558691667E-02
   1   6   1  -1.42558692296E-02
   2   6   1  -1.42558691667E-02
   3   6   1   1.23132562897E-04
   4   6   1  -1.42558692296E-02
   5   6   1  -1.42558691667E-02
   6   6   1   1.23132562897E-04
   1   1   2   2
   1   1   1   1.96457155556E-02
   2   1   1   4.37448805556E-03
   3   1   1   4.37448805556E-03
   4   1   1   1.96457155556E-02
   5   1   1   4.37448805556E-03
   6   1   1   4.37448805556E-03
   1   2   1   4.37448805556E-03
   2   2   1   4.37448805556E-03
   3   2   1   1.96457155556E-02
   4   2   1   4.37448805556E-03
   5   2   1   4.37448805556E-03
   6   2   1   1.96457155556E-02
   1   3   1   4.37448805556E-03
   2   3   1   1.96457155556E-02
   3   3   1   4.37448805556E-03
   4   3   1   4.37448805556E-03
   5   3   1   1.96457155556E-02
   6   3   1   4.37448805556E-03
   1   4   1   1.96457155556E-02
   2   4   1   4.37448805556E-03
   3   4   1   4.37448805556E-03
   4   4   1   1.96457155556E-02
   5   4   1   4.37448805556E-03
   6   4   1   4.37448805556E-03
   1   5   1   4.37448805556E-03
   2   5   1   4.37448805556E-03
   3   5   1   1.96457155556E-02
   4   5   1   4.37448805556E-03
   5   5   1   4.37448805556E-03
   6   5   1   1.96457155556E-02
   1   6   1   4.37448805556E-03
   2   6   1   1.96457155556E-02
   3   6   1   4.37448805556E-03
   4   6   1   4.37448805556E-03
   5   6   1   1.96457155556E-02
   6   6   1   4.37448805556E-03
   1   2   1   1
   1   1   1   0.00000000000E+00
   2   1   1  -7.78659317675E-03
   3   1   1   7.78659317675E-03
   4   1   1   0.00000000000E+00
   5   1   1  -7.78659317675E-03
   6   1   1   7.78659317675E-03
   1   2   1  -7.78659317675E-03
   2   2   1   7.78659317675E-03
   3   2   1  -2.17394502059E-19
   4   2   1  -7.78659317675E-03
   5   2   1   7.78659317675E-03
   6   2   1  -2.17394502059E-19
   1   3   1   7.78659317675E-03
   2   3   1   2.17394502059E-19
   3   3   1  -7.78659317675E-03
   4   3   1   7.78659317675E-03
   5   3   1   2.17394502059E-19
   6   3   1  -7.78659317675E-03
   1   4   1   0.00000000000E+00
   2   4   1  -7.78659317675E-03
   3   4   1   7.78659317675E-03
   4   4   1   0.00000000000E+00
   5   4   1  -7.78659317675E-03
   6   4   1   7.78659317675E-03
   1   5   1  -7.78659317675E-03
   2   5   1   7.78659317675E-03
   3   5   1  -2.17394502059E-19
   4   5   1  -7.78659317675E-03
   5   5   1   7.78659317675E-03
   6   5   1  -2.17394502059E-19
   1   6   1   7.78659317675E-03
   2   6   1   2.17394502059E-19
   3   6   1  -7.78659317675E-03
   4   6   1   7.78659317675E-03
   5   6   1   2.17394502059E-19
   6   6   1  -7.78659317675E-03
   1   2   1   2
   1   1   1   8.30172055556E-03
   2   1   1  -8.30172051924E-03
   3   1   1  -3.63137392435E-11
   4   1   1   8.30172055556E-03
   5   1   1  -8.30172051924E-03
   6   1   1  -3.63137392435E-11
   1   2   1  -8.30172051924E-03
   2   2   1  -3.63137385194E-11
   3   2   1   8.30172055556E-03
   4   2   1  -8.30172051924E-03
   5   2   1  -3.63137385194E-11
   6   2   1   8.30172055556E-03
   1   3   1  -3.63137392435E-11
   2   3   1   8.30172055556E-03
   3   3   1  -8.30172051924E-03
   4   3   1  -3.63137392435E-11
   5   3   1   8.30172055556E-03
   6   3   1  -8.30172051924E-03
   1   4   1   8.30172055556E-03
   2   4   1  -8.30172051924E-03
   3   4   1  -3.63137392435E-11
   4   4   1   8.30172055556E-03
   5   4   1  -8.30172051924E-03
   6   4   1  -3.63137392435E-11
   1   5   1  -8.30172051924E-03
   2   5   1  -3.63137385194E-11
   3   5   1   8.30172055556E-03
   4   5   1  -8.30172051924E-03
   5   5   1  -3.63137385194E-11
   6   5   1   8.30172055556E-03
   1   6   1  -3.63137392435E-11
   2   6   1   8.30172055556E-03
   3   6   1  -8.30172051924E-03
   4   6   1  -3.63137392435E-11
   5   6   1   8.30172055556E-03
   6   6   1  -8.30172051924E-03
   1   2   2   1
   1   1   1   8.30172055556E-03
   2   1   1  -3.63137392435E-11
   3   1   1  -8.30172051924E-03
   4   1   1   8.30172055556E-03
   5   1   1  -3.63137392435E-11
   6   1   1  -8.30172051924E-03
   1   2   1  -3.63137392435E-11
   2   2   1  -8.30172051924E-03
   3   2   1   8.30172055556E-03
   4   2   1  -3.63137392435E-11
   5   2   1  -8.30172051924E-03
   6   2   1   8.30172055556E-03
   1   3   1  -8.30172051924E-03
   2   3   1   8.30172055556E-03
   3   3   1  -3.63137385194E-11
   4   3   1  -8.30172051924E-03
   5   3   1   8.30172055556E-03
   6   3   1  -3.63137385194E-11
   1   4   1   8.30172055556E-03
   2   4   1  -3.63137392435E-11
   3   4   1  -8.30172051924E-03
   4   4   1   8.30172055556E-03
   5   4   1  -3.63137392435E-11
   6   4   1  -8.30172051924E-03
   1   5   1  -3.63137392435E-11
   2   5   1  -8.30172051924E-03
   3   5   1   8.30172055556E-03
   4   5   1  -3.63137392435E-11
   5   5   1  -8.30172051924E-03
   6   5   1   8.30172055556E-03
   1   6   1  -8.30172051924E-03
   2   6   1   8.30172055556E-03
   3   6   1  -3.63137385194E-11
   4   6   1  -8.30172051924E-03
   5   6   1   8.30172055556E-03
   6   6   1  -3.63137385194E-11
   1   2   2   2
   1   1   1   0.00000000000E+00
   2   1   1   7.78659317675E-03
   3   1   1  -7.78659317675E-03
   4   1   1   0.00000000000E+00
   5   1   1   7.78659317675E-03
   6   1   1  -7.78659317675E-03
   1   2   1   7.78659317675E-03
   2   2   1  -7.78659317675E-03
   3   2   1   2.17394502059E-19
   4   2   1   7.78659317675E-03
   5   2   1  -7.78659317675E-03
   6   2   1   2.17394502059E-19
   1   3   1  -7.78659317675E-03
   2   3   1  -2.17394502059E-19
   3   3   1   7.78659317675E-03
   4   3   1  -7.78659317675E-03
   5   3   1  -2.17394502059E-19
   6   3   1   7.78659317675E-03
   1   4   1   0.00000000000E+00
   2   4   1   7.78659317675E-03
   3   4   1  -7.78659317675E-03
   4   4   1   0.00000000000E+00
   5   4   1   7.78659317675E-03
   6   4   1  -7.78659317675E-03
   1   5   1   7.78659317675E-03
   2   5   1  -7.78659317675E-03
   3   5   1   2.17394502059E-19
   4   5   1   7.78659317675E-03
   5   5   1  -7.78659317675E-03
   6   5   1   2.17394502059E-19
   1   6   1  -7.78659317675E-03
   2   6   1  -2.17394502059E-19
   3   6   1   7.78659317675E-03
   4   6   1  -7.78659317675E-03
   5   6   1  -2.17394502059E-19
   6   6   1   7.78659317675E-03
   1   3   1   1
   1   1   1   0.00000000000E+00
   2   1   1   0.00000000000E+00
   3   1   1   0.00000000000E+00
   4   1   1   0.00000000000E+00
   5   1   1   0.00000000000E+00
   6   1   1   0.00000000000E+00
   1   2   1   0.00000000000E+00
   2   2   1   0.00000000000E+00
   3   2   1   0.00000000000E+00
   4   2   1   0.00000000000E+00
   5   2   1   0.00000000000E+00
   6   2   1   0.00000000000E+00
   1   3   1   0.00000000000E+00
   2   3   1   0.00000000000E+00
   3   3   1   0.00000000000E+00
   4   3   1   0.00000000000E+00
   5   3   1   0.00000000000E+00
   6   3   1   0.00000000000E+00
   1   4   1   0.00000000000E+00
   2   4   1   0.00000000000E+00
   3   4   1   0.00000000000E+00
   4   4   1   0.00000000000E+00
   5   4   1   0.00000000000E+00
   6   4   1   0.00000000000E+00
   1   5   1   0.00000000000E+00
   2   5   1   0.00000000000E+00
   3   5   1   0.00000000000E+00
   4   5   1   0.00000000000E+00
   5   5   1   0.00000000000E+00
   6   5   1   0.00000000000E+00
   1   6   1   0.00000000000E+00
   2   6   1   0.00000000000E+00
   3   6   1   0.00000000000E+00
   4   6   1   0.00000000000E+00
   5   6   1   0.00000000000E+00
   6   6   1   0.00000000000E+00
   1   3   1   2
   1   1   1   0.00000000000E+00
   2   1   1   0.00000000000E+00
   3   1   1   0.00000000000E+00
   4   1   1   0.00000000000E+00
   5   1   1   0.00000000000E+00
   6   1   1   0.00000000000E+00
   1   2   1   0.00000000000E+00
   2   2   1   0.00000000000E+00
   3   2   1   0.00000000000E+00
   4   2   1   0.00000000000E+00
   5   2   1   0.00000000000E+00
   6   2   1   0.00000000000E+00
   1   3   1   0.00000000000E+00
   2   3   1   0.00000000000E+00
   3   3   1   0.00000000000E+00
   4   3   1   0.00000000000E+00
   5   3   1   0.00000000000E+00
   6   3   1   0.00000000000E+00
   1   4   1   0.00000000000E+00
   2   4   1   0.00000000000E+00
   3   4   1   0.00000000000E+00
   4   4   1   0.00000000000E+00
   5   4   1   0.00000000000E+00
   6   4   1   0.00000000000E+00
   1   5   1   0.00000000000E+00
   2   5   1   0.00000000000E+00
   3   5   1   0.00000000000E+00
   4   5   1   0.00000000000E+00
   5   5   1   0.00000000000E+00
   6   5   1   0.00000000000E+00
   1   6   1   0.00000000000E+00
   2   6   1   0.00000000000E+00
   3   6   1   0.00000000000E+00
   4   6   1   0.00000000000E+00
   5   6   1   0.00000000000E+00
   6   6   1   0.00000000000E+00
   1   3   2   1
   1   1   1   0.00000000000E+00
   2   1   1   0.00000000000E+00
   3   1   1   0.00000000000E+00
   4   1   1   0.00000000000E+00
   5   1   1   0.00000000000E+00
   6   1   1   0.00000000000E+00
   1   2   1   0.00000000000E+00
   2   2   1   0.00000000000E+00
   3   2   1   0.00000000000E+00
   4   2   1   0.00000000000E+00
   5   2   1   0.00000000000E+00
   6   2   1   0.00000000000E+00
   1   3   1   0.00000000000E+00
   2   3   1   0.00000000000E+00
   3   3   1   0.00000000000E+00
   4   3   1   0.00000000000E+00
   5   3   1   0.00000000000E+00
   6   3   1   0.00000000000E+00
   1   4   1   0.00000000000E+00
   2   4   1   0.00000000000E+00
   3   4   1   0.00000000000E+00
   4   4   1   0.00000000000E+00
   5   4   1   0.00000000000E+00
   6   4   1   0.00000000000E+00
   1   5   1   0.00000000000E+00
   2   5   1   0.00000000000E+00
   3   5   1   0.00000000000E+00
   4   5   1   0.00000000000E+00
   5   5   1   0.00000000000E+00
   6   5   1   0.00000000000E+00
   1   6   1   0.00000000000E+00
   2   6   1   0.00000000000E+00
   3   6   1   0.00000000000E+00
   4   6   1   0.00000000000E+00
   5   6   1   0.00000000000E+00
   6   6   1   0.00000000000E+00
   1   3   2   2
   1   1   1   0.00000000000E+00
   2   1   1   0.00000000000E+00
   3   1   1   0.00000000000E+00
   4   1   1   0.00000000000E+00
   5   1   1   0.00000000000E+00
   6   1   1   0.00000000000E+00
   1   2   1   0.00000000000E+00
   2   2   1   0.00000000000E+00
   3   2   1   0.00000000000E+00
   4   2   1   0.00000000000E+00
   5   2   1   0.00000000000E+00
   6   2   1   0.00000000000E+00
   1   3   1   0.00000000000E+00
   2   3   1   0.00000000000E+00
   3   3   1   0.00000000000E+00
   4   3   1   0.00000000000E+00
   5   3   1   0.00000000000E+00
   6   3   1   0.00000000000E+00
   1   4   1   0.00000000000E+00
   2   4   1   0.00000000000E+00
   3   4   1   0.00000000000E+00
   4   4   1   0.00000000000E+00
   5   4   1   0.00000000000E+00
   6   4   1   0.00000000000E+00
   1   5   1   0.00000000000E+00
   2   5   1   0.00000000000E+00
   3   5   1   0.00000000000E+00
   4   5   1   0.00000000000E+00
   5   5   1   0.00000000000E+00
   6   5   1   0.00000000000E+00
   1   6   1   0.00000000000E+00
   2   6   1   0.00000000000E+00
   3   6   1   0.00000000000E+00
   4   6   1   0.00000000000E+00
   5   6   1   0.00000000000E+00
   6   6   1   0.00000000000E+00
   2   1   1   1
   1   1   1   0.00000000000E+00
   2   1   1   7.78659317675E-03
   3   1   1  -7.78659317675E-03
   4   1   1   0.00000000000E+00
   5   1   1   7.78659317675E-03
   6   1   1  -7.78659317675E-03
   1   2   1   7.78659317675E-03
   2   2   1  -7.78659317675E-03
   3   2   1   2.17394502059E-19
   4   2   1   7.78659317675E-03
   5   2   1  -7.78659317675E-03
   6   2   1   2.17394502059E-19
   1   3   1  -7.78659317675E-03
   2   3   1  -2.17394502059E-19
   3   3   1   7.78659317675E-03
   4   3   1  -7.78659317675E-03
   5   3   1  -2.17394502059E-19
   6   3   1   7.78659317675E-03
   1   4   1   0.00000000000E+00
   2   4   1   7.78659317675E-03
   3   4   1  -7.78659317675E-03
   4   4   1   0.00000000000E+00
   5   4   1   7.78659317675E-03
   6   4   1  -7.78659317675E-03
   1   5   1   7.78659317675E-03
   2   5   1  -7.78659317675E-03
   3   5   1   2.17394502059E-19
   4   5   1   7.78659317675E-03
   5   5   1  -7.78659317675E-03
   6   5   1   2.17394502059E-19
   1   6   1  -7.78659317675E-03
   2   6   1  -2.17394502059E-19
   3   6   1   7.78659317675E-03
   4   6   1  -7.78659317675E-03
   5   6   1  -2.17394502059E-19
   6   6   1   7.78659317675E-03
   2   1   1   2
   1   1   1   8.30172055556E-03
   2   1   1  -8.30172051924E-03
   3   1   1  -3.63137392435E-11
   4   1   1   8.30172055556E-03
   5   1   1  -8.30172051924E-03
   6   1   1  -3.63137392435E-11
   1   2   1  -8.30172051924E-03
   2   2   1  -3.63137385194E-11
   3   2   1   8.30172055556E-03
   4   2   1  -8.30172051924E-03
   5   2   1  -3.63137385194E-11
   6   2   1   8.30172055556E-03
   1   3   1  -3.63137392435E-11
   2   3   1   8.30172055556E-03
   3   3   1  -8.30172051924E-03
   4   3   1  -3.63137392435E-11
   5   3   1   8.30172055556E-03
   6   3   1  -8.30172051924E-03
   1   4   1   8.30172055556E-03
   2   4   1  -8.30172051924E-03
   3   4   1  -3.63137392435E-11
   4   4   1   8.30172055556E-03
   5   4   1  -8.30172051924E-03
   6   4   1  -3.63137392435E-11
   1   5   1  -8.30172051924E-03
   2   5   1  -3.63137385194E-11
   3   5   1   8.30172055556E-03
   4   5   1  -8.30172051924E-03
   5   5   1  -3.63137385194E-11
   6   5   1   8.30172055556E-03
   1   6   1  -3.63137392435E-11
   2   6   1   8.30172055556E-03
   3   6   1  -8.30172051924E-03
   4   6   1  -3.63137392435E-11
   5   6   1   8.30172055556E-03
   6   6   1  -8.30172051924E-03
   2   1   2   1
   1   1   1   8.30172055556E-03
   2   1   1  -3.63137392435E-11
   3   1   1  -8.30172051924E-03
   4   1   1   8.30172055556E-03
   5   1   1  -3.63137392435E-11
   6   1   1  -8.30172051924E-03
   1   2   1  -3.63137392435E-11
   2   2   1  -8.30172051924E-03
   3   2   1   8.30172055556E-03
   4   2   1  -3.63137392435E-11
   5   2   1  -8.30172051924E-03
   6   2   1   8.30172055556E-03
   1   3   1  -8.30172051924E-03
   2   3   1   8.30172055556E-03
   3   3   1  -3.63137385194E-11
   4   3   1  -8.30172051924E-03
   5   3   1   8.30172055556E-03
   6   3   1  -3.63137385194E-11
   1   4   1   8.30172055556E-03
   2   4   1  -3.63137392435E-11
   3   4   1  -8.30172051924E-03
   4   4   1   8.30172055556E-03
   5   4   1  -3.63137392435E-11
   6   4   1  -8.30172051924E-03
   1   5   1  -3.63137392435E-11
   2   5   1  -8.30172051924E-03
   3   5   1   8.30172055556E-03
   4   5   1  -3.63137392435E-11
   5   5   1  -8.30172051924E-03
   6   5   1   8.30172055556E-03
   1   6   1  -8.30172051924E-03
   2   6   1   8.30172055556E-03
   3   6   1  -3.63137385194E-11
   4   6   1  -8.30172051924E-03
   5   6   1   8.30172055556E-03
   6   6   1  -3.63137385194E-11
   2   1   2   2
   1   1   1   0.00000000000E+00
   2   1   1  -7.78659317675E-03
   3   1   1   7.78659317675E-03
   4   1   1   0.00000000000E+00
   5   1   1  -7.78659317675E-03
   6   1   1   7.78659317675E-03
   1   2   1  -7.78659317675E-03
   2   2   1   7.78659317675E-03
   3   2   1  -2.17394502059E-19
   4   2   1  -7.78659317675E-03
   5   2   1   7.78659317675E-03
   6   2   1  -2.17394502059E-19
   1   3   1   7.78659317675E-03
   2   3   1   2.17394502059E-19
   3   3   1  -7.78659317675E-03
   4   3   1   7.78659317675E-03
   5   3   1   2.17394502059E-19
   6   3   1  -7.78659317675E-03
   1   4   1   0.00000000000E+00
   2   4   1  -7.78659317675E-03
   3   4   1   7.78659317675E-03
   4   4   1   0.00000000000E+00
   5   4   1  -7.78659317675E-03
   6   4   1   7.78659317675E-03
   1   5   1  -7.78659317675E-03
   2   5   1   7.78659317675E-03
   3   5   1  -2.17394502059E-19
   4   5   1  -7.78659317675E-03
   5   5   1   7.78659317675E-03
   6   5   1  -2.17394502059E-19
   1   6   1   7.78659317675E-03
   2   6   1   2.17394502059E-19
   3   6   1  -7.78659317675E-03
   4   6   1   7.78659317675E-03
   5   6   1   2.17394502059E-19
   6   6   1  -7.78659317675E-03
   2   2   1   1
   1   1   1   1.96457155556E-02
   2   1   1   4.37448805556E-03
   3   1   1   4.37448805556E-03
   4   1   1   1.96457155556E-02
   5   1   1   4.37448805556E-03
   6   1   1   4.37448805556E-03
   1   2   1   4.37448805556E-03
   2   2   1   4.37448805556E-03
   3   2   1   1.96457155556E-02
   4   2   1   4.37448805556E-03
   5   2   1   4.37448805556E-03
   6   2   1   1.96457155556E-02
   1   3   1   4.37448805556E-03
   2   3   1   1.96457155556E-02
   3   3   1   4.37448805556E-03
   4   3   1   4.37448805556E-03
   5   3   1   1.96457155556E-02
   6   3   1   4.37448805556E-03
   1   4   1   1.96457155556E-02
   2   4   1   4.37448805556E-03
   3   4   1   4.37448805556E-03
   4   4   1   1.96457155556E-02
   5   4   1   4.37448805556E-03
   6   4   1   4.37448805556E-03
   1   5   1   4.37448805556E-03
   2   5   1   4.37448805556E-03
   3   5   1   1.96457155556E-02
   4   5   1   4.37448805556E-03
   5   5   1   4.37448805556E-03
   6   5   1   1.96457155556E-02
   1   6   1   4.37448805556E-03
   2   6   1   1.96457155556E-02
   3   6   1   4.37448805556E-03
   4   6   1   4.37448805556E-03
   5   6   1   1.96457155556E-02
   6   6   1   4.37448805556E-03
   2   2   1   2
   1   1   1  -4.66986805556E-03
   2   1   1  -4.66986799266E-03
   3   1   1  -1.90488697851E-02
   4   1   1  -4.66986805556E-03
   5   1   1  -4.66986799266E-03
   6   1   1  -1.90488697851E-02
   1   2   1  -4.66986799266E-03
   2   2   1  -1.90488697851E-02
   3   2   1  -4.66986805556E-03
   4   2   1  -4.66986799266E-03
   5   2   1  -1.90488697851E-02
   6   2   1  -4.66986805556E-03
   1   3   1  -1.90488697851E-02
   2   3   1  -4.66986805556E-03
   3   3   1  -4.66986799266E-03
   4   3   1  -1.90488697851E-02
   5   3   1  -4.66986805556E-03
   6   3   1  -4.66986799266E-03
   1   4   1  -4.66986805556E-03
   2   4   1  -4.66986799266E-03
   3   4   1  -1.90488697851E-02
   4   4   1  -4.66986805556E-03
   5   4   1  -4.66986799266E-03
   6   4   1  -1.90488697851E-02
   1   5   1  -4.66986799266E-03
   2   5   1  -1.90488697851E-02
   3   5   1  -4.66986805556E-03
   4   5   1  -4.66986799266E-03
   5   5   1  -1.90488697851E-02
   6   5   1  -4.66986805556E-03
   1   6   1  -1.90488697851E-02
   2   6   1  -4.66986805556E-03
   3   6   1  -4.66986799266E-03
   4   6   1  -1.90488697851E-02
   5   6   1  -4.66986805556E-03
   6   6   1  -4.66986799266E-03
   2   2   2   1
   1   1   1  -4.66986805556E-03
   2   1   1  -1.90488697851E-02
   3   1   1  -4.66986799266E-03
   4   1   1  -4.66986805556E-03
   5   1   1  -1.90488697851E-02
   6   1   1  -4.66986799266E-03
   1   2   1  -1.90488697851E-02
   2   2   1  -4.66986799266E-03
   3   2   1  -4.66986805556E-03
   4   2   1  -1.90488697851E-02
   5   2   1  -4.66986799266E-03
   6   2   1  -4.66986805556E-03
   1   3   1  -4.66986799266E-03
   2   3   1  -4.66986805556E-03
   3   3   1  -1.90488697851E-02
   4   3   1  -4.66986799266E-03
   5   3   1  -4.66986805556E-03
   6   3   1  -1.90488697851E-02
   1   4   1  -4.66986805556E-03
   2   4   1  -1.90488697851E-02
   3   4   1  -4.66986799266E-03
   4   4   1  -4.66986805556E-03
   5   4   1  -1.90488697851E-02
   6   4   1  -4.66986799266E-03
   1   5   1  -1.90488697851E-02
   2   5   1  -4.66986799266E-03
   3   5   1  -4.66986805556E-03
   4   5   1  -1.90488697851E-02
   5   5   1  -4.66986799266E-03
   6   5   1  -4.66986805556E-03
   1   6   1  -4.66986799266E-03
   2   6   1  -4.66986805556E-03
   3   6   1  -1.90488697851E-02
   4   6   1  -4.66986799266E-03
   5   6   1  -4.66986805556E-03
   6   6   1  -1.90488697851E-02
   2   2   2   2
   1   1   1   1.96457155556E-02
   2   1   1   4.37448805556E-03
   3   1   1   4.37448805556E-03
   4   1   1   1.96457155556E-02
   5   1   1   4.37448805556E-03
   6   1   1   4.37448805556E-03
   1   2   1   4.37448805556E-03
   2   2   1   4.37448805556E-03
   3   2   1   1.96457155556E-02
   4   2   1   4.37448805556E-03
   5   2   1   4.37448805556E-03
   6   2   1   1.96457155556E-02
   1   3   1   4.37448805556E-03
   2   3   1   1.96457155556E-02
   3   3   1   4.37448805556E-03
   4   3   1   4.37448805556E-03
   5   3   1   1.96457155556E-02
   6   3   1   4.37448805556E-03
   1   4   1   1.96457155556E-02
   2   4   1   4.37448805556E-03
   3   4   1   4.37448805556E-03
   4   4   1   1.96457155556E-02
   5   4   1   4.37448805556E-03
   6   4   1   4.37448805556E-03
   1   5   1   4.37448805556E-03
   2   5   1   4.37448805556E-03
   3   5   1   1.96457155556E-02
   4   5   1   4.37448805556E-03
   5   5   1   4.37448805556E-03
   6   5   1   1.96457155556E-02
   1   6   1   4.37448805556E-03
   2   6   1   1.96457155556E-02
   3   6   1   4.37448805556E-03
   4   6   1   4.37448805556E-03
   5   6   1   1.96457155556E-02
   6   6   1   4.37448805556E-03
   2   3   1   1
   1   1   1   0.00000000000E+00
   2   1   1   0.00000000000E+00
   3   1   1   0.00000000000E+00
   4   1   1   0.00000000000E+00
   5   1   1   0.00000000000E+00
   6   1   1   0.00000000000E+00
   1   2   1   0.00000000000E+00
   2   2   1   0.00000000000E+00
   3   2   1   0.00000000000E+00
   4   2   1   0.00000000000E+00
   5   2   1   0.00000000000E+00
   6   2   1   0.00000000000E+00
   1   3   1   0.00000000000E+00
   2   3   1   0.00000000000E+00
   3   3   1   0.00000000000E+00
   4   3   1   0.00000000000E+00
   5   3   1   0.00000000000E+00
   6   3   1   0.00000000000E+00
   1   4   1   0.00000000000E+00
   2   4   1   0.00000000000E+00
   3   4   1   0.00000000000E+00
   4   4   1   0.00000000000E+00
   5   4   1   0.00000000000E+00
   6   4   1   0.00000000000E+00
   1   5   1   0.00000000000E+00
   2   5   1   0.00000000000E+00
   3   5   1   0.00000000000E+00
   4   5   1   0.00000000000E+00
   5   5   1   0.00000000000E+00
   6   5   1   0.00000000000E+00
   1   6   1   0.00000000000E+00
   2   6   1   0.00000000000E+00
   3   6   1   0.00000000000E+00
   4   6   1   0.00000000000E+00
   5   6   1   0.00000000000E+00
   6   6   1   0.00000000000E+00
   2   3   1   2
   1   1   1   0.00000000000E+00
   2   1   1   0.00000000000E+00
   3   1   1   0.00000000000E+00
   4   1   1   0.00000000000E+00
   5   1   1   0.00000000000E+00
   6   1   1   0.00000000000E+00
   1   2   1   0.00000000000E+00
   2   2   1   0.00000000000E+00
   3   2   1   0.00000000000E+00
   4   2   1   0.00000000000E+00
   5   2   1   0.00000000000E+00
   6   2   1   0.00000000000E+00
   1   3   1   0.00000000000E+00
   2   3   1   0.00000000000E+00
   3   3   1   0.00000000000E+00
   4   3   1   0.00000000000E+00
   5   3   1   0.00000000000E+00
   6   3   1   0.00000000000E+00
   1   4   1   0.00000000000E+00
   2   4   1   0.00000000000E+00
   3   4   1   0.00000000000E+00
   4   4   1   0.00000000000E+00
   5   4   1   0.00000000000E+00
   6   4   1   0.00000000000E+00
   1   5   1   0.00000000000E+00
   2   5   1   0.00000000000E+00
   3   5   1   0.00000000000E+00
   4   5   1   0.00000000000E+00
   5   5   1   0.00000000000E+00
   6   5   1   0.00000000000E+00
   1   6   1   0.00000000000E+00
   2   6   1   0.00000000000E+00
   3   6   1   0.00000000000E+00
   4   6   1   0.00000000000E+00
   5   6   1   0.00000000000E+00
   6   6   1   0.00000000000E+00
   2   3   2   1
   1   1   1   0.00000000000E+00
   2   1   1   0.00000000000E+00
   3   1   1   0.00000000000E+00
   4   1   1   0.00000000000E+00
   5   1   1   0.00000000000E+00
   6   1   1   0.00000000000E+00
   1   2   1   0.00000000000E+00
   2   2   1   0.00000000000E+00
   3   2   1   0.00000000000E+00
   4   2   1   0.00000000000E+00
   5   2   1   0.00000000000E+00
   6   2   1   0.00000000000E+00
   1   3   1   0.00000000000E+00
   2   3   1   0.00000000000E+00
   3   3   1   0.00000000000E+00
   4   3   1   0.00000000000E+00
   5   3   1   0.00000000000E+00
   6   3   1   0.00000000000E+00
   1   4   1   0.00000000000E+00
   2   4   1   0.00000000000E+00
   3   4   1   0.00000000000E+00
   4   4   1   0.00000000000E+00
   5   4   1   0.00000000000E+00
   6   4   1   0.00000000000E+00
   1   5   1   0.00000000000E+00
   2   5   1   0.00000000000E+00
   3   5   1   0.00000000000E+00
   4   5   1   0.00000000000E+00
   5   5   1   0.00000000000E+00
   6   5   1   0.00000000000E+00
   1   6   1   0.00000000000E+00
   2   6   1   0.00000000000E+00
   3   6   1   0.00000000000E+00
   4   6   1   0.00000000000E+00
   5   6   1   0.00000000000E+00
   6   6   1   0.00000000000E+00
   2   3   2   2
   1   1   1   0.00000000000E+00
   2   1   1   0.00000000000E+00
   3   1   1   0.00000000000E+00
   4   1   1   0.00000000000E+00
   5   1   1   0.00000000000E+00
   6   1   1   0.00000000000E+00
   1   2   1   0.00000000000E+00
   2   2   1   0.00000000000E+00
   3   2   1   0.00000000000E+00
   4   2   1   0.00000000000E+00
   5   2   1   0.00000000000E+00
   6   2   1   0.00000000000E+00
   1   3   1   0.00000000000E+00
   2   3   1   0.00000000000E+00
   3   3   1   0.00000000000E+00
   4   3   1   0.00000000000E+00
   5   3   1   0.00000000000E+00
   6   3   1   0.00000000000E+00
   1   4   1   0.00000000000E+00
   2   4   1   0.00000000000E+00
   3   4   1   0.00000000000E+00
   4   4   1   0.00000000000E+00
   5   4   1   0.00000000000E+00
   6   4   1   0.00000000000E+00
   1   5   1   0.00000000000E+00
   2   5   1   0.00000000000E+00
   3   5   1   0.00000000000E+00
   4   5   1   0.00000000000E+00
   5   5   1   0.00000000000E+00
   6   5   1   0.00000000000E+00
   1   6   1   0.00000000000E+00
   2   6   1   0.00000000000E+00
   3   6   1   0.00000000000E+00
   4   6   1   0.00000000000E+00
   5   6   1   0.00000000000E+00
   6   6   1   0.00000000000E+00
   3   1   1   1
   1   1   1   0.00000000000E+00
   2   1   1   0.00000000000E+00
   3   1   1   0.00000000000E+00
   4   1   1   0.00000000000E+00
   5   1   1   0.00000000000E+00
   6   1   1   0.00000000000E+00
   1   2   1   0.00000000000E+00
   2   2   1   0.00000000000E+00
   3   2   1   0.00000000000E+00
   4   2   1   0.00000000000E+00
   5   2   1   0.00000000000E+00
   6   2   1   0.00000000000E+00
   1   3   1   0.00000000000E+00
   2   3   1   0.00000000000E+00
   3   3   1   0.00000000000E+00
   4   3   1   0.00000000000E+00
   5   3   1   0.00000000000E+00
   6   3   1   0.00000000000E+00
   1   4   1   0.00000000000E+00
   2   4   1   0.00000000000E+00
   3   4   1   0.00000000000E+00
   4   4   1   0.00000000000E+00
   5   4   1   0.00000000000E+00
   6   4   1   0.00000000000E+00
   1   5   1   0.00000000000E+00
   2   5   1   0.00000000000E+00
   3   5   1   0.00000000000E+00
   4   5   1   0.00000000000E+00
   5   5   1   0.00000000000E+00
   6   5   1   0.00000000000E+00
   1   6   1   0.00000000000E+00
   2   6   1   0.00000000000E+00
   3   6   1   0.00000000000E+00
   4   6   1   0.00000000000E+00
   5   6   1   0.00000000000E+00
   6   6   1   0.00000000000E+00
   3   1   1   2
   1   1   1   0.00000000000E+00
   2   1   1   0.00000000000E+00
   3   1   1   0.00000000000E+00
   4   1   1   0.00000000000E+00
   5   1   1   0.00000000000E+00
   6   1   1   0.00000000000E+00
   1   2   1   0.00000000000E+00
   2   2   1   0.00000000000E+00
   3   2   1   0.00000000000E+00
   4   2   1   0.00000000000E+00
   5   2   1   0.00000000000E+00
   6   2   1   0.00000000000E+00
   1   3   1   0.00000000000E+00
   2   3   1   0.00000000000E+00
   3   3   1   0.00000000000E+00
   4   3   1   0.00000000000E+00
   5   3   1   0.00000000000E+00
   6   3   1   0.00000000000E+00
   1   4   1   0.00000000000E+00
   2   4   1   0.00000000000E+00
   3   4   1   0.00000000000E+00
   4   4   1   0.00000000000E+00
   5   4   1   0.00000000000E+00
   6   4   1   0.00000000000E+00
   1   5   1   0.00000000000E+00
   2   5   1   0.00000000000E+00
   3   5   1   0.00000000000E+00
   4   5   1   0.00000000000E+00
   5   5   1   0.00000000000E+00
   6   5   1   0.00000000000E+00
   1   6   1   0.00000000000E+00
   2   6   1   0.00000000000E+00
   3   6   1   0.00000000000E+00
   4   6   1   0.00000000000E+00
   5   6   1   0.00000000000E+00
   6   6   1   0.00000000000E+00
   3   1   2   1
   1   1   1   0.00000000000E+00
   2   1   1   0.00000000000E+00
   3   1   1   0.00000000000E+00
   4   1   1   0.00000000000E+00
   5   1   1   0.00000000000E+00
   6   1   1   0.00000000000E+00
   1   2   1   0.00000000000E+00
   2   2   1   0.00000000000E+00
   3   2   1   0.00000000000E+00
   4   2   1   0.00000000000E+00
   5   2   1   0.00000000000E+00
   6   2   1   0.00000000000E+00
   1   3   1   0.00000000000E+00
   2   3   1   0.00000000000E+00
   3   3   1   0.00000000000E+00
   4   3   1   0.00000000000E+00
   5   3   1   0.00000000000E+00
   6   3   1   0.00000000000E+00
   1   4   1   0.00000000000E+00
   2   4   1   0.00000000000E+00
   3   4   1   0.00000000000E+00
   4   4   1   0.00000000000E+00
   5   4   1   0.00000000000E+00
   6   4   1   0.00000000000E+00
   1   5   1   0.00000000000E+00
   2   5   1   0.00000000000E+00
   3   5   1   0.00000000000E+00
   4   5   1   0.00000000000E+00
   5   5   1   0.00000000000E+00
   6   5   1   0.00000000000E+00
   1   6   1   0.00000000000E+00
   2   6   1   0.00000000000E+00
   3   6   1   0.00000000000E+00
   4   6   1   0.00000000000E+00
   5   6   1   0.00000000000E+00
   6   6   1   0.00000000000E+00
   3   1   2   2
   1   1   1   0.00000000000E+00
   2   1   1   0.00000000000E+00
   3   1   1   0.00000000000E+00
   4   1   1   0.00000000000E+00
   5   1   1   0.00000000000E+00
   6   1   1   0.00000000000E+00
   1   2   1   0.00000000000E+00
   2   2   1   0.00000000000E+00
   3   2   1   0.00000000000E+00
   4   2   1   0.00000000000E+00
   5   2   1   0.00000000000E+00
   6   2   1   0.00000000000E+00
   1   3   1   0.00000000000E+00
   2   3   1   0.00000000000E+00
   3   3   1   0.00000000000E+00
   4   3   1   0.00000000000E+00
   5   3   1   0.00000000000E+00
   6   3   1   0.00000000000E+00
   1   4   1   0.00000000000E+00
   2   4   1   0.00000000000E+00
   3   4   1   0.00000000000E+00
   4   4   1   0.00000000000E+00
   5   4   1   0.00000000000E+00
   6   4   1   0.00000000000E+00
   1   5   1   0.00000000000E+00
   2   5   1   0.00000000000E+00
   3   5   1   0.00000000000E+00
   4   5   1   0.00000000000E+00
   5   5   1   0.00000000000E+00
   6   5   1   0.00000000000E+00
   1   6   1   0.00000000000E+00
   2   6   1   0.00000000000E+00
   3   6   1   0.00000000000E+00
   4   6   1   0.00000000000E+00
   5   6   1   0.00000000000E+00
   6   6   1   0.00000000000E+00
   3   2   1   1
   1   1   1   0.00000000000E+00
   2   1   1   0.00000000000E+00
   3   1   1   0.00000000000E+00
   4   1   1   0.00000000000E+00
   5   1   1   0.00000000000E+00
   6   1   1   0.00000000000E+00
   1   2   1   0.00000000000E+00
   2   2   1   0.00000000000E+00
   3   2   1   0.00000000000E+00
   4   2   1   0.00000000000E+00
   5   2   1   0.00000000000E+00
   6   2   1   0.00000000000E+00
   1   3   1   0.00000000000E+00
   2   3   1   0.00000000000E+00
   3   3   1   0.00000000000E+00
   4   3   1   0.00000000000E+00
   5   3   1   0.00000000000E+00
   6   3   1   0.00000000000E+00
   1   4   1   0.00000000000E+00
   2   4   1   0.00000000000E+00
   3   4   1   0.00000000000E+00
   4   4   1   0.00000000000E+00
   5   4   1   0.00000000000E+00
   6   4   1   0.00000000000E+00
   1   5   1   0.00000000000E+00
   2   5   1   0.00000000000E+00
   3   5   1   0.00000000000E+00
   4   5   1   0.00000000000E+00
   5   5   1   0.00000000000E+00
   6   5   1   0.00000000000E+00
   1   6   1   0.00000000000E+00
   2   6   1   0.00000000000E+00
   3   6   1   0.00000000000E+00
   4   6   1   0.00000000000E+00
   5   6   1   0.00000000000E+00
   6   6   1   0.00000000000E+00
   3   2   1   2
   1   1   1   0.00000000000E+00
   2   1   1   0.00000000000E+00
   3   1   1   0.00000000000E+00
   4   1   1   0.00000000000E+00
   5   1   1   0.00000000000E+00
   6   1   1   0.00000000000E+00
   1   2   1   0.00000000000E+00
   2   2   1   0.00000000000E+00
   3   2   1   0.00000000000E+00
   4   2   1   0.00000000000E+00
   5   2   1   0.00000000000E+00
   6   2   1   0.00000000000E+00
   1   3   1   0.00000000000E+00
   2   3   1   0.00000000000E+00
   3   3   1   0.00000000000E+00
   4   3   1   0.00000000000E+00
   5   3   1   0.00000000000E+00
   6   3   1   0.00000000000E+00
   1   4   1   0.00000000000E+00
   2   4   1   0.00000000000E+00
   3   4   1   0.00000000000E+00
   4   4   1   0.00000000000E+00
   5   4   1   0.00000000000E+00
   6   4   1   0.00000000000E+00
   1   5   1   0.00000000000E+00
   2   5   1   0.00000000000E+00
   3   5   1   0.00000000000E+00
   4   5   1   0.00000000000E+00
   5   5   1   0.00000000000E+00
   6   5   1   0.00000000000E+00
   1   6   1   0.00000000000E+00
   2   6   1   0.00000000000E+00
   3   6   1   0.00000000000E+00
   4   6   1   0.00000000000E+00
   5   6   1   0.00000000000E+00
   6   6   1   0.00000000000E+00
   3   2   2   1
   1   1   1   0.00000000000E+00
   2   1   1   0.00000000000E+00
   3   1   1   0.00000000000E+00
   4   1   1   0.00000000000E+00
   5   1   1   0.00000000000E+00
   6   1   1   0.00000000000E+00
   1   2   1   0.00000000000E+00
   2   2   1   0.00000000000E+00
   3   2   1   0.00000000000E+00
   4   2   1   0.00000000000E+00
   5   2   1   0.00000000000E+00
   6   2   1   0.00000000000E+00
   1   3   1   0.00000000000E+00
   2   3   1   0.00000000000E+00
   3   3   1   0.00000000000E+00
   4   3   1   0.00000000000E+00
   5   3   1   0.00000000000E+00
   6   3   1   0.00000000000E+00
   1   4   1   0.00000000000E+00
   2   4   1   0.00000000000E+00
   3   4   1   0.00000000000E+00
   4   4   1   0.00000000000E+00
   5   4   1   0.00000000000E+00
   6   4   1   0.00000000000E+00
   1   5   1   0.00000000000E+00
   2   5   1   0.00000000000E+00
   3   5   1   0.00000000000E+00
   4   5   1   0.00000000000E+00
   5   5   1   0.00000000000E+00
   6   5   1   0.00000000000E+00
   1   6   1   0.00000000000E+00
   2   6   1   0.00000000000E+00
   3   6   1   0.00000000000E+00
   4   6   1   0.00000000000E+00
   5   6   1   0.00000000000E+00
   6   6   1   0.00000000000E+00
   3   2   2   2
   1   1   1   0.00000000000E+00
   2   1   1   0.00000000000E+00
   3   1   1   0.00000000000E+00
   4   1   1   0.00000000000E+00
   5   1   1   0.00000000000E+00
   6   1   1   0.00000000000E+00
   1   2   1   0.00000000000E+00
   2   2   1   0.00000000000E+00
   3   2   1   0.00000000000E+00
   4   2   1   0.00000000000E+00
   5   2   1   0.00000000000E+00
   6   2   1   0.00000000000E+00
   1   3   1   0.00000000000E+00
   2   3   1   0.00000000000E+00
   3   3   1   0.00000000000E+00
   4   3   1   0.00000000000E+00
   5   3   1   0.00000000000E+00
   6   3   1   0.00000000000E+00
   1   4   1   0.00000000000E+00
   2   4   1   0.00000000000E+00
   3   4   1   0.00000000000E+00
   4   4   1   0.00000000000E+00
   5   4   1   0.00000000000E+00
   6   4   1   0.00000000000E+00
   1   5   1   0.00000000000E+00
   2   5   1   0.00000000000E+00
   3   5   1   0.00000000000E+00
   4   5   1   0.00000000000E+00
   5   5   1   0.00000000000E+00
   6   5   1   0.00000000000E+00
   1   6   1   0.00000000000E+00
   2   6   1   0.00000000000E+00
   3   6   1   0.00000000000E+00
   4   6   1   0.00000000000E+00
   5   6   1   0.00000000000E+00
   6   6   1   0.00000000000E+00
   3   3   1   1
   1   1   1   2.77777777778E-10
   2   1   1   2.77777777778E-10
   3   1   1   2.77777777778E-10
   4   1   1   2.77777777778E-10
   5   1   1   2.77777777778E-10
   6   1   1   2.77777777778E-10
   1   2   1   2.77777777778E-10
   2   2   1   2.77777777778E-10
   3   2   1   2.77777777778E-10
   4   2   1   2.77777777778E-10
   5   2   1   2.77777777778E-10
   6   2   1   2.77777777778E-10
   1   3   1   2.77777777778E-10
   2   3   1   2.77777777778E-10
   3   3   1   2.77777777778E-10
   4   3   1   2.77777777778E-10
   5   3   1   2.77777777778E-10
   6   3   1   2.77777777778E-10
   1   4   1   2.77777777778E-10
   2   4   1   2.77777777778E-10
   3   4   1   2.77777777778E-10
   4   4   1   2.77777777778E-10
   5   4   1   2.77777777778E-10
   6   4   1   2.77777777778E-10
   1   5   1   2.77777777778E-10
   2   5   1   2.77777777778E-10
   3   5   1   2.77777777778E-10
   4   5   1   2.77777777778E-10
   5   5   1   2.77777777778E-10
   6   5   1   2.77777777778E-10
   1   6   1   2.77777777778E-10
   2   6   1   2.77777777778E-10
   3   6   1   2.77777777778E-10
   4   6   1   2.77777777778E-10
   5   6   1   2.77777777778E-10
   6   6   1   2.77777777778E-10
   3   3   1   2
   1   1   1   2.77777777778E-10
   2   1   1   2.77777777778E-10
   3   1   1   2.77777777778E-10
   4   1   1   2.77777777778E-10
   5   1   1   2.77777777778E-10
   6   1   1   2.77777777778E-10
   1   2   1   2.77777777778E-10
   2   2   1   2.77777777778E-10
   3   2   1   2.77777777778E-10
   4   2   1   2.77777777778E-10
   5   2   1   2.77777777778E-10
   6   2   1   2.77777777778E-10
   1   3   1   2.77777777778E-10
   2   3   1   2.77777777778E-10
   3   3   1   2.77777777778E-10
   4   3   1   2.77777777778E-10
   5   3   1   2.77777777778E-10
   6   3   1   2.77777777778E-10
   1   4   1   2.77777777778E-10
   2   4   1   2.77777777778E-10
   3   4   1   2.77777777778E-10
   4   4   1   2.77777777778E-10
   5   4   1   2.77777777778E-10
   6   4   1   2.77777777778E-10
   1   5   1   2.77777777778E-10
   2   5   1   2.77777777778E-10
   3   5   1   2.77777777778E-10
   4   5   1   2.77777777778E-10
   5   5   1   2.77777777778E-10
   6   5   1   2.77777777778E-10
   1   6   1   2.77777777778E-10
   2   6   1   2.77777777778E-10
   3   6   1   2.77777777778E-10
   4   6   1   2.77777777778E-10
   5   6   1   2.77777777778E-10
   6   6   1   2.77777777778E-10
   3   3   2   1
   1   1   1   2.77777777778E-10
   2   1   1   2.77777777778E-10
   3   1   1   2.77777777778E-10
   4   1   1   2.77777777778E-10
   5   1   1   2.77777777778E-10
   6   1   1   2.77777777778E-10
   1   2   1   2.77777777778E-10
   2   2   1   2.77777777778E-10
   3   2   1   2.77777777778E-10
   4   2   1   2.77777777778E-10
   5   2   1   2.77777777778E-10
   6   2   1   2.77777777778E-10
   1   3   1   2.77777777778E-10
   2   3   1   2.77777777778E-10
   3   3   1   2.77777777778E-10
   4   3   1   2.77777777778E-10
   5   3   1   2.77777777778E-10
   6   3   1   2.77777777778E-10
   1   4   1   2.77777777778E-10
   2   4   1   2.77777777778E-10
   3   4   1   2.77777777778E-10
   4   4   1   2.77777777778E-10
   5   4   1   2.77777777778E-10
   6   4   1   2.77777777778E-10
   1   5   1   2.77777777778E-10
   2   5   1   2.77777777778E-10
   3   5   1   2.77777777778E-10
   4   5   1   2.77777777778E-10
   5   5   1   2.77777777778E-10
   6   5   1   2.77777777778E-10
   1   6   1   2.77777777778E-10
   2   6   1   2.77777777778E-10
   3   6   1   2.77777777778E-10
   4   6   1   2.77777777778E-10
   5   6   1   2.77777777778E-10
   6   6   1   2.77777777778E-10
   3   3   2   2
   1   1   1   2.77777777778E-10
   2   1   1   2.77777777778E-10
   3   1   1   2.77777777778E-10
   4   1   1   2.77777777778E-10
   5   1   1   2.77777777778E-10
   6   1   1   2.77777777778E-10
   1   2   1   2.77777777778E-10
   2   2   1   2.77777777778E-10
   3   2   1   2.77777777778E-10
   4   2   1   2.77777777778E-10
   5   2   1   2.77777777778E-10
   6   2   1   2.77777777778E-10
   1   3   1   2.77777777778E-10
   2   3   1   2.77777777778E-10
   3   3   1   2.77777777778E-10
   4   3   1   2.77777777778E-10
   5   3   1   2.77777777778E-10
   6   3   1   2.77777777778E-10
   1   4   1   2.77777777778E-10
   2   4   1   2.77777777778E-10
   3   4   1   2.77777777778E-10
   4   4   1   2.77777777778E-10
   5   4   1   2.77777777778E-10
   6   4   1   2.77777777778E-10
   1   5   1   2.77777777778E-10
   2   5   1   2.77777777778E-10
   3   5   1   2.77777777778E-10
   4   5   1   2.77777777778E-10
   5   5   1   2.77777777778E-10
   6   5   1   2.77777777778E-10
   1   6   1   2.77777777778E-10
   2   6   1   2.77777777778E-10
   3   6   1   2.77777777778E-10
   4   6   1   2.77777777778E-10
   5   6   1   2.77777777778E-10
   6   6   1   2.77777777778E-10
