  0.120000000000000      -0.318140501564669       0.971043320007356     
   6   6   1
   1   1   1   1
   1   1   1   6.91467872222E-02
   2   1   1   1.78814205556E-02
   3   1   1  -8.15119444444E-04
   4   1   1   1.45130722222E-03
   5   1   1  -8.15119444444E-04
   6   1   1   1.78814205556E-02
   1   2   1   8.15840388889E-03
   2   2   1   8.15840388889E-03
   3   2   1   1.75162430556E-02
   4   2   1   4.45726555556E-03
   5   2   1   4.45726555556E-03
   6   2   1   1.75162430556E-02
   1   3   1   3.47575555556E-04
   2   3   1   8.71052472222E-03
   3   3   1   3.47575555556E-04
   4   3   1   3.88370055556E-03
   5   3   1   6.90488472222E-03
   6   3   1   3.88370055556E-03
   1   4   1   2.85086388889E-03
   2   4   1   1.91848055556E-03
   3   4   1   1.91848055556E-03
   4   4   1   2.85086388889E-03
   5   4   1   1.91848055556E-03
   6   4   1   1.91848055556E-03
   1   5   1   3.47575555556E-04
   2   5   1   3.88370055556E-03
   3   5   1   6.90488472222E-03
   4   5   1   3.88370055556E-03
   5   5   1   3.47575555556E-04
   6   5   1   8.71052472222E-03
   1   6   1   8.15840388889E-03
   2   6   1   1.75162430556E-02
   3   6   1   4.45726555556E-03
   4   6   1   4.45726555556E-03
   5   6   1   1.75162430556E-02
   6   6   1   8.15840388889E-03
   1   1   1   2
   1   1   1  -4.55376477778E-02
   2   1   1  -4.55376483544E-02
   3   1   1  -4.35401355986E-03
   4   1   1  -1.04445000000E-03
   5   1   1  -1.04445032903E-03
   6   1   1  -4.35401331227E-03
   1   2   1  -1.70402085943E-02
   2   2   1   2.52475202291E-03
   3   2   1  -1.70402085503E-02
   4   2   1  -1.26151187549E-02
   5   2   1  -3.86656579847E-03
   6   2   1  -1.26151177673E-02
   1   3   1  -2.74197895691E-04
   2   3   1  -5.75318513312E-03
   3   3   1  -5.75318561420E-03
   4   3   1  -2.74199431936E-04
   5   3   1  -6.35013166025E-03
   6   3   1  -6.35013060508E-03
   1   4   1  -2.46964111111E-03
   2   4   1  -3.56544438822E-03
   3   4   1  -7.32782357914E-04
   4   4   1  -3.56544333333E-03
   5   4   1  -2.46964153097E-03
   6   4   1  -3.80763945113E-04
   1   5   1  -4.31746265986E-03
   2   5   1  -1.45970439492E-03
   3   5   1  -5.29967556197E-03
   4   5   1  -5.29967556806E-03
   5   5   1  -1.45970494136E-03
   6   5   1  -4.31746320021E-03
   1   6   1  -2.85141196126E-03
   2   6   1  -1.59863872327E-02
   3   6   1  -9.54007142375E-03
   4   6   1  -2.08440957844E-03
   5   6   1  -9.54006867189E-03
   6   6   1  -1.59863870229E-02
   1   1   2   1
   1   1   1  -4.55376477778E-02
   2   1   1  -4.35401331227E-03
   3   1   1  -1.04445032903E-03
   4   1   1  -1.04445000000E-03
   5   1   1  -4.35401355986E-03
   6   1   1  -4.55376483544E-02
   1   2   1  -2.85141196126E-03
   2   2   1  -1.59863870229E-02
   3   2   1  -9.54006867189E-03
   4   2   1  -2.08440957844E-03
   5   2   1  -9.54007142375E-03
   6   2   1  -1.59863872327E-02
   1   3   1  -4.31746265986E-03
   2   3   1  -4.31746320021E-03
   3   3   1  -1.45970494136E-03
   4   3   1  -5.29967556806E-03
   5   3   1  -5.29967556197E-03
   6   3   1  -1.45970439492E-03
   1   4   1  -2.46964111111E-03
   2   4   1  -3.80763945113E-04
   3   4   1  -2.46964153097E-03
   4   4   1  -3.56544333333E-03
   5   4   1  -7.32782357914E-04
   6   4   1  -3.56544438822E-03
   1   5   1  -2.74197895691E-04
   2   5   1  -6.35013060508E-03
   3   5   1  -6.35013166025E-03
   4   5   1  -2.74199431936E-04
   5   5   1  -5.75318561420E-03
   6   5   1  -5.75318513312E-03
   1   6   1  -1.70402085943E-02
   2   6   1  -1.26151177673E-02
   3   6   1  -3.86656579847E-03
   4   6   1  -1.26151187549E-02
   5   6   1  -1.70402085503E-02
   6   6   1   2.52475202291E-03
   1   1   2   2
   1   1   1   6.91467872222E-02
   2   1   1   1.78814205556E-02
   3   1   1  -8.15119444444E-04
   4   1   1   1.45130722222E-03
   5   1   1  -8.15119444444E-04
   6   1   1   1.78814205556E-02
   1   2   1   8.15840388889E-03
   2   2   1   8.15840388889E-03
   3   2   1   1.75162430556E-02
   4   2   1   4.45726555556E-03
   5   2   1   4.45726555556E-03
   6   2   1   1.75162430556E-02
   1   3   1   3.47575555556E-04
   2   3   1   8.71052472222E-03
   3   3   1   3.47575555556E-04
   4   3   1   3.88370055556E-03
   5   3   1   6.90488472222E-03
   6   3   1   3.88370055556E-03
   1   4   1   2.85086388889E-03
   2   4   1   1.91848055556E-03
   3   4   1   1.91848055556E-03
   4   4   1   2.85086388889E-03
   5   4   1   1.91848055556E-03
   6   4   1   1.91848055556E-03
   1   5   1   3.47575555556E-04
   2   5   1   3.88370055556E-03
   3   5   1   6.90488472222E-03
   4   5   1   3.88370055556E-03
   5   5   1   3.47575555556E-04
   6   5   1   8.71052472222E-03
   1   6   1   8.15840388889E-03
   2   6   1   1.75162430556E-02
   3   6   1   4.45726555556E-03
   4   6   1   4.45726555556E-03
   5   6   1   1.75162430556E-02
   6   6   1   8.15840388889E-03
   1   2   1   1
   1   1   1  -1.92747052886E-19
   2   1   1  -1.25316132405E-02
   3   1   1   1.54912940291E-03
   4   1   1   0.00000000000E+00
   5   1   1  -1.54912940291E-03
   6   1   1   1.25316132405E-02
   1   2   1  -1.81451996294E-02
   2   2   1   1.81451996294E-02
   3   2   1   5.08398444444E-03
   4   2   1  -1.14984030403E-03
   5   2   1   1.14984030403E-03
   6   2   1  -5.08398444444E-03
   1   3   1   2.22041190291E-03
   2   3   1  -1.48572840336E-19
   3   3   1  -2.22041190291E-03
   4   3   1   3.75022752625E-03
   5   3   1  -1.07930064850E-19
   6   3   1  -3.75022752625E-03
   1   4   1   8.08032777778E-04
   2   4   1  -2.61560780403E-03
   3   4   1   2.61560780403E-03
   4   4   1  -8.08032777778E-04
   5   4   1  -1.95331224848E-03
   6   4   1   1.95331224848E-03
   1   5   1  -8.77846902907E-04
   2   5   1   8.18692526255E-04
   3   5   1   1.43881394511E-21
   4   5   1  -8.18692526255E-04
   5   5   1   8.77846902907E-04
   6   5   1   6.77308895538E-19
   1   6   1   6.91802685160E-03
   2   6   1  -5.08398444444E-03
   3   6   1  -3.41907974848E-03
   4   6   1   3.41907974848E-03
   5   6   1   5.08398444444E-03
   6   6   1  -6.91802685160E-03
   1   2   1   2
   1   1   1   2.46449094444E-02
   2   1   1  -2.46449099626E-02
   3   1   1  -7.34548091002E-03
   4   1   1   1.26753944444E-03
   5   1   1  -1.26753853443E-03
   6   1   1   7.34548051816E-03
   1   2   1   2.11028717532E-05
   2   2   1   3.49878199597E-10
   3   2   1  -2.11026030919E-05
   4   2   1  -7.06350776185E-03
   5   2   1  -2.68661304455E-10
   6   2   1   7.06350741197E-03
   1   3   1  -8.22834735966E-04
   2   3   1   4.66520216373E-03
   3   3   1  -4.66520195356E-03
   4   3   1   8.22834073864E-04
   5   3   1   1.43388589516E-03
   6   3   1  -1.43388544323E-03
   1   4   1   4.44705000000E-04
   2   4   1  -8.55076440215E-04
   3   4   1   3.54687884002E-12
   4   4   1   8.55075000000E-04
   5   4   1  -4.44705003547E-04
   6   4   1   1.44021507779E-09
   1   5   1  -7.32437804181E-03
   2   5   1   2.18635766546E-03
   3   5   1   2.63669799373E-03
   4   5   1  -2.63669685164E-03
   5   5   1  -2.18635915755E-03
   6   5   1   7.32437839182E-03
   1   6   1  -1.20508655633E-09
   2   6   1   1.06874109214E-02
   3   6   1  -2.47884306467E-03
   4   6   1  -5.71486169167E-10
   5   6   1   2.47884426976E-03
   6   6   1  -1.06874103499E-02
   1   2   2   1
   1   1   1   2.46449094444E-02
   2   1   1   7.34548051816E-03
   3   1   1  -1.26753853443E-03
   4   1   1   1.26753944444E-03
   5   1   1  -7.34548091002E-03
   6   1   1  -2.46449099626E-02
   1   2   1  -1.20508655633E-09
   2   2   1  -1.06874103499E-02
   3   2   1   2.47884426976E-03
   4   2   1  -5.71486169167E-10
   5   2   1  -2.47884306467E-03
   6   2   1   1.06874109214E-02
   1   3   1  -7.32437804181E-03
   2   3   1   7.32437839182E-03
   3   3   1  -2.18635915755E-03
   4   3   1  -2.63669685164E-03
   5   3   1   2.63669799373E-03
   6   3   1   2.18635766546E-03
   1   4   1   4.44705000000E-04
   2   4   1   1.44021507779E-09
   3   4   1  -4.44705003547E-04
   4   4   1   8.55075000000E-04
   5   4   1   3.54687884002E-12
   6   4   1  -8.55076440215E-04
   1   5   1  -8.22834735966E-04
   2   5   1  -1.43388544323E-03
   3   5   1   1.43388589516E-03
   4   5   1   8.22834073864E-04
   5   5   1  -4.66520195356E-03
   6   5   1   4.66520216373E-03
   1   6   1   2.11028717532E-05
   2   6   1   7.06350741197E-03
   3   6   1  -2.68661304455E-10
   4   6   1  -7.06350776185E-03
   5   6   1  -2.11026030919E-05
   6   6   1   3.49878199597E-10
   1   2   2   2
   1   1   1  -1.92747052886E-19
   2   1   1   1.25316132405E-02
   3   1   1  -1.54912940291E-03
   4   1   1   0.00000000000E+00
   5   1   1   1.54912940291E-03
   6   1   1  -1.25316132405E-02
   1   2   1   6.91802685160E-03
   2   2   1  -6.91802685160E-03
   3   2   1   5.08398444444E-03
   4   2   1   3.41907974848E-03
   5   2   1  -3.41907974848E-03
   6   2   1  -5.08398444444E-03
   1   3   1  -8.77846902907E-04
   2   3   1   6.77308895538E-19
   3   3   1   8.77846902907E-04
   4   3   1  -8.18692526255E-04
   5   3   1   1.43881394511E-21
   6   3   1   8.18692526255E-04
   1   4   1   8.08032777778E-04
   2   4   1   1.95331224848E-03
   3   4   1  -1.95331224848E-03
   4   4   1  -8.08032777778E-04
   5   4   1   2.61560780403E-03
   6   4   1  -2.61560780403E-03
   1   5   1   2.22041190291E-03
   2   5   1  -3.75022752625E-03
   3   5   1  -1.07930064850E-19
   4   5   1   3.75022752625E-03
   5   5   1  -2.22041190291E-03
   6   5   1  -1.48572840336E-19
   1   6   1  -1.81451996294E-02
   2   6   1  -5.08398444444E-03
   3   6   1   1.14984030403E-03
   4   6   1  -1.14984030403E-03
   5   6   1   5.08398444444E-03
   6   6   1   1.81451996294E-02
   1   3   1   1
   1   1   1   0.00000000000E+00
   2   1   1   0.00000000000E+00
   3   1   1   0.00000000000E+00
   4   1   1   0.00000000000E+00
   5   1   1   0.00000000000E+00
   6   1   1   0.00000000000E+00
   1   2   1   0.00000000000E+00
   2   2   1   0.00000000000E+00
   3   2   1   0.00000000000E+00
   4   2   1   0.00000000000E+00
   5   2   1   0.00000000000E+00
   6   2   1   0.00000000000E+00
   1   3   1   0.00000000000E+00
   2   3   1   0.00000000000E+00
   3   3   1   0.00000000000E+00
   4   3   1   0.00000000000E+00
   5   3   1   0.00000000000E+00
   6   3   1   0.00000000000E+00
   1   4   1   0.00000000000E+00
   2   4   1   0.00000000000E+00
   3   4   1   0.00000000000E+00
   4   4   1   0.00000000000E+00
   5   4   1   0.00000000000E+00
   6   4   1   0.00000000000E+00
   1   5   1   0.00000000000E+00
   2   5   1   0.00000000000E+00
   3   5   1   0.00000000000E+00
   4   5   1   0.00000000000E+00
   5   5   1   0.00000000000E+00
   6   5   1   0.00000000000E+00
   1   6   1   0.00000000000E+00
   2   6   1   0.00000000000E+00
   3   6   1   0.00000000000E+00
   4   6   1   0.00000000000E+00
   5   6   1   0.00000000000E+00
   6   6   1   0.00000000000E+00
   1   3   1   2
   1   1   1   0.00000000000E+00
   2   1   1   0.00000000000E+00
   3   1   1   0.00000000000E+00
   4   1   1   0.00000000000E+00
   5   1   1   0.00000000000E+00
   6   1   1   0.00000000000E+00
   1   2   1   0.00000000000E+00
   2   2   1   0.00000000000E+00
   3   2   1   0.00000000000E+00
   4   2   1   0.00000000000E+00
   5   2   1   0.00000000000E+00
   6   2   1   0.00000000000E+00
   1   3   1   0.00000000000E+00
   2   3   1   0.00000000000E+00
   3   3   1   0.00000000000E+00
   4   3   1   0.00000000000E+00
   5   3   1   0.00000000000E+00
   6   3   1   0.00000000000E+00
   1   4   1   0.00000000000E+00
   2   4   1   0.00000000000E+00
   3   4   1   0.00000000000E+00
   4   4   1   0.00000000000E+00
   5   4   1   0.00000000000E+00
   6   4   1   0.00000000000E+00
   1   5   1   0.00000000000E+00
   2   5   1   0.00000000000E+00
   3   5   1   0.00000000000E+00
   4   5   1   0.00000000000E+00
   5   5   1   0.00000000000E+00
   6   5   1   0.00000000000E+00
   1   6   1   0.00000000000E+00
   2   6   1   0.00000000000E+00
   3   6   1   0.00000000000E+00
   4   6   1   0.00000000000E+00
   5   6   1   0.00000000000E+00
   6   6   1   0.00000000000E+00
   1   3   2   1
   1   1   1   0.00000000000E+00
   2   1   1   0.00000000000E+00
   3   1   1   0.00000000000E+00
   4   1   1   0.00000000000E+00
   5   1   1   0.00000000000E+00
   6   1   1   0.00000000000E+00
   1   2   1   0.00000000000E+00
   2   2   1   0.00000000000E+00
   3   2   1   0.00000000000E+00
   4   2   1   0.00000000000E+00
   5   2   1   0.00000000000E+00
   6   2   1   0.00000000000E+00
   1   3   1   0.00000000000E+00
   2   3   1   0.00000000000E+00
   3   3   1   0.00000000000E+00
   4   3   1   0.00000000000E+00
   5   3   1   0.00000000000E+00
   6   3   1   0.00000000000E+00
   1   4   1   0.00000000000E+00
   2   4   1   0.00000000000E+00
   3   4   1   0.00000000000E+00
   4   4   1   0.00000000000E+00
   5   4   1   0.00000000000E+00
   6   4   1   0.00000000000E+00
   1   5   1   0.00000000000E+00
   2   5   1   0.00000000000E+00
   3   5   1   0.00000000000E+00
   4   5   1   0.00000000000E+00
   5   5   1   0.00000000000E+00
   6   5   1   0.00000000000E+00
   1   6   1   0.00000000000E+00
   2   6   1   0.00000000000E+00
   3   6   1   0.00000000000E+00
   4   6   1   0.00000000000E+00
   5   6   1   0.00000000000E+00
   6   6   1   0.00000000000E+00
   1   3   2   2
   1   1   1   0.00000000000E+00
   2   1   1   0.00000000000E+00
   3   1   1   0.00000000000E+00
   4   1   1   0.00000000000E+00
   5   1   1   0.00000000000E+00
   6   1   1   0.00000000000E+00
   1   2   1   0.00000000000E+00
   2   2   1   0.00000000000E+00
   3   2   1   0.00000000000E+00
   4   2   1   0.00000000000E+00
   5   2   1   0.00000000000E+00
   6   2   1   0.00000000000E+00
   1   3   1   0.00000000000E+00
   2   3   1   0.00000000000E+00
   3   3   1   0.00000000000E+00
   4   3   1   0.00000000000E+00
   5   3   1   0.00000000000E+00
   6   3   1   0.00000000000E+00
   1   4   1   0.00000000000E+00
   2   4   1   0.00000000000E+00
   3   4   1   0.00000000000E+00
   4   4   1   0.00000000000E+00
   5   4   1   0.00000000000E+00
   6   4   1   0.00000000000E+00
   1   5   1   0.00000000000E+00
   2   5   1   0.00000000000E+00
   3   5   1   0.00000000000E+00
   4   5   1   0.00000000000E+00
   5   5   1   0.00000000000E+00
   6   5   1   0.00000000000E+00
   1   6   1   0.00000000000E+00
   2   6   1   0.00000000000E+00
   3   6   1   0.00000000000E+00
   4   6   1   0.00000000000E+00
   5   6   1   0.00000000000E+00
   6   6   1   0.00000000000E+00
   2   1   1   1
   1   1   1  -1.92747052886E-19
   2   1   1   1.25316132405E-02
   3   1   1  -1.54912940291E-03
   4   1   1   0.00000000000E+00
   5   1   1   1.54912940291E-03
   6   1   1  -1.25316132405E-02
   1   2   1   6.91802685160E-03
   2   2   1  -6.91802685160E-03
   3   2   1   5.08398444444E-03
   4   2   1   3.41907974848E-03
   5   2   1  -3.41907974848E-03
   6   2   1  -5.08398444444E-03
   1   3   1  -8.77846902907E-04
   2   3   1   6.77308895538E-19
   3   3   1   8.77846902907E-04
   4   3   1  -8.18692526255E-04
   5   3   1   1.43881394511E-21
   6   3   1   8.18692526255E-04
   1   4   1   8.08032777778E-04
   2   4   1   1.95331224848E-03
   3   4   1  -1.95331224848E-03
   4   4   1  -8.08032777778E-04
   5   4   1   2.61560780403E-03
   6   4   1  -2.61560780403E-03
   1   5   1   2.22041190291E-03
   2   5   1  -3.75022752625E-03
   3   5   1  -1.07930064850E-19
   4   5   1   3.75022752625E-03
   5   5   1  -2.22041190291E-03
   6   5   1  -1.48572840336E-19
   1   6   1  -1.81451996294E-02
   2   6   1  -5.08398444444E-03
   3   6   1   1.14984030403E-03
   4   6   1  -1.14984030403E-03
   5   6   1   5.08398444444E-03
   6   6   1   1.81451996294E-02
   2   1   1   2
   1   1   1   2.46449094444E-02
   2   1   1  -2.46449099626E-02
   3   1   1  -7.34548091002E-03
   4   1   1   1.26753944444E-03
   5   1   1  -1.26753853443E-03
   6   1   1   7.34548051816E-03
   1   2   1   2.11028717532E-05
   2   2   1   3.49878199597E-10
   3   2   1  -2.11026030919E-05
   4   2   1  -7.06350776185E-03
   5   2   1  -2.68661304455E-10
   6   2   1   7.06350741197E-03
   1   3   1  -8.22834735966E-04
   2   3   1   4.66520216373E-03
   3   3   1  -4.66520195356E-03
   4   3   1   8.22834073864E-04
   5   3   1   1.43388589516E-03
   6   3   1  -1.43388544323E-03
   1   4   1   4.44705000000E-04
   2   4   1  -8.55076440215E-04
   3   4   1   3.54687884002E-12
   4   4   1   8.55075000000E-04
   5   4   1  -4.44705003547E-04
   6   4   1   1.44021507779E-09
   1   5   1  -7.32437804181E-03
   2   5   1   2.18635766546E-03
   3   5   1   2.63669799373E-03
   4   5   1  -2.63669685164E-03
   5   5   1  -2.18635915755E-03
   6   5   1   7.32437839182E-03
   1   6   1  -1.20508655633E-09
   2   6   1   1.06874109214E-02
   3   6   1  -2.47884306467E-03
   4   6   1  -5.71486169167E-10
   5   6   1   2.47884426976E-03
   6   6   1  -1.06874103499E-02
   2   1   2   1
   1   1   1   2.46449094444E-02
   2   1   1   7.34548051816E-03
   3   1   1  -1.26753853443E-03
   4   1   1   1.26753944444E-03
   5   1   1  -7.34548091002E-03
   6   1   1  -2.46449099626E-02
   1   2   1  -1.20508655633E-09
   2   2   1  -1.06874103499E-02
   3   2   1   2.47884426976E-03
   4   2   1  -5.71486169167E-10
   5   2   1  -2.47884306467E-03
   6   2   1   1.06874109214E-02
   1   3   1  -7.32437804181E-03
   2   3   1   7.32437839182E-03
   3   3   1  -2.18635915755E-03
   4   3   1  -2.63669685164E-03
   5   3   1   2.63669799373E-03
   6   3   1   2.18635766546E-03
   1   4   1   4.44705000000E-04
   2   4   1   1.44021507779E-09
   3   4   1  -4.44705003547E-04
   4   4   1   8.55075000000E-04
   5   4   1   3.54687884002E-12
   6   4   1  -8.55076440215E-04
   1   5   1  -8.22834735966E-04
   2   5   1  -1.43388544323E-03
   3   5   1   1.43388589516E-03
   4   5   1   8.22834073864E-04
   5   5   1  -4.66520195356E-03
   6   5   1   4.66520216373E-03
   1   6   1   2.11028717532E-05
   2   6   1   7.06350741197E-03
   3   6   1  -2.68661304455E-10
   4   6   1  -7.06350776185E-03
   5   6   1  -2.11026030919E-05
   6   6   1   3.49878199597E-10
   2   1   2   2
   1   1   1  -1.92747052886E-19
   2   1   1  -1.25316132405E-02
   3   1   1   1.54912940291E-03
   4   1   1   0.00000000000E+00
   5   1   1  -1.54912940291E-03
   6   1   1   1.25316132405E-02
   1   2   1  -1.81451996294E-02
   2   2   1   1.81451996294E-02
   3   2   1   5.08398444444E-03
   4   2   1  -1.14984030403E-03
   5   2   1   1.14984030403E-03
   6   2   1  -5.08398444444E-03
   1   3   1   2.22041190291E-03
   2   3   1  -1.48572840336E-19
   3   3   1  -2.22041190291E-03
   4   3   1   3.75022752625E-03
   5   3   1  -1.07930064850E-19
   6   3   1  -3.75022752625E-03
   1   4   1   8.08032777778E-04
   2   4   1  -2.61560780403E-03
   3   4   1   2.61560780403E-03
   4   4   1  -8.08032777778E-04
   5   4   1  -1.95331224848E-03
   6   4   1   1.95331224848E-03
   1   5   1  -8.77846902907E-04
   2   5   1   8.18692526255E-04
   3   5   1   1.43881394511E-21
   4   5   1  -8.18692526255E-04
   5   5   1   8.77846902907E-04
   6   5   1   6.77308895538E-19
   1   6   1   6.91802685160E-03
   2   6   1  -5.08398444444E-03
   3   6   1  -3.41907974848E-03
   4   6   1   3.41907974848E-03
   5   6   1   5.08398444444E-03
   6   6   1  -6.91802685160E-03
   2   2   1   1
   1   1   1   6.91467869444E-02
   2   1   1   4.91739888889E-03
   3   1   1   7.35141111111E-04
   4   1   1   3.31738138889E-03
   5   1   1   7.35141111111E-04
   6   1   1   4.91739888889E-03
   1   2   1   1.46404150000E-02
   2   2   1   1.46404150000E-02
   3   2   1   1.16457641667E-02
   4   2   1   2.38236666667E-03
   5   2   1   2.38236666667E-03
   6   2   1   1.16457641667E-02
   1   3   1  -4.27555555556E-04
   2   3   1   2.04514830556E-02
   3   3   1  -4.27555555556E-04
   4   3   1   2.95593055556E-03
   5   3   1   6.90488527778E-03
   6   3   1   2.95593055556E-03
   1   4   1   1.91782583333E-03
   2   4   1   4.92115000000E-03
   3   4   1   4.92115000000E-03
   4   4   1   1.91782583333E-03
   5   4   1   4.92115000000E-03
   6   4   1   4.92115000000E-03
   1   5   1  -4.27555555556E-04
   2   5   1   2.95593055556E-03
   3   5   1   6.90488527778E-03
   4   5   1   2.95593055556E-03
   5   5   1  -4.27555555556E-04
   6   5   1   2.04514830556E-02
   1   6   1   1.46404150000E-02
   2   6   1   1.16457641667E-02
   3   6   1   2.38236666667E-03
   4   6   1   2.38236666667E-03
   5   6   1   1.16457641667E-02
   6   6   1   1.46404150000E-02
   2   2   1   2
   1   1   1  -1.70801583333E-02
   2   1   1  -1.70801572378E-02
   3   1   1  -1.27871112032E-02
   4   1   1  -1.48107722222E-03
   5   1   1  -1.48107546349E-03
   6   1   1  -1.27871105399E-02
   1   2   1  -1.00914776801E-04
   2   2   1  -2.21567659118E-02
   3   2   1  -1.00915236310E-04
   4   2   1  -4.45888232879E-03
   5   2   1  -7.17798481040E-03
   6   2   1  -4.45888155456E-03
   1   3   1  -2.25132837795E-03
   2   3   1  -5.41545385802E-03
   3   3   1  -5.41545286800E-03
   4   3   1  -2.25132798164E-03
   5   3   1  -4.69442155975E-03
   6   3   1  -4.69442096605E-03
   1   4   1  -5.58844444444E-05
   2   4   1  -2.57808874925E-03
   3   4   1  -6.82197348741E-03
   4   4   1  -2.57808888889E-03
   5   4   1  -5.58854014748E-05
   6   4   1  -1.66932356952E-02
   1   5   1  -1.28236616221E-02
   2   5   1  -9.70893514506E-03
   3   5   1  -2.25508010691E-03
   4   5   1  -2.25507979614E-03
   5   5   1  -9.70893546534E-03
   6   5   1  -1.28236622531E-02
   1   6   1  -5.97663941121E-02
   2   6   1  -3.64562788988E-03
   3   6   1  -1.62856907849E-03
   4   6   1  -4.05912211565E-03
   5   6   1  -1.62856865258E-03
   6   6   1  -3.64562686598E-03
   2   2   2   1
   1   1   1  -1.70801583333E-02
   2   1   1  -1.27871105399E-02
   3   1   1  -1.48107546349E-03
   4   1   1  -1.48107722222E-03
   5   1   1  -1.27871112032E-02
   6   1   1  -1.70801572378E-02
   1   2   1  -5.97663941121E-02
   2   2   1  -3.64562686598E-03
   3   2   1  -1.62856865258E-03
   4   2   1  -4.05912211565E-03
   5   2   1  -1.62856907849E-03
   6   2   1  -3.64562788988E-03
   1   3   1  -1.28236616221E-02
   2   3   1  -1.28236622531E-02
   3   3   1  -9.70893546534E-03
   4   3   1  -2.25507979614E-03
   5   3   1  -2.25508010691E-03
   6   3   1  -9.70893514506E-03
   1   4   1  -5.58844444444E-05
   2   4   1  -1.66932356952E-02
   3   4   1  -5.58854014748E-05
   4   4   1  -2.57808888889E-03
   5   4   1  -6.82197348741E-03
   6   4   1  -2.57808874925E-03
   1   5   1  -2.25132837795E-03
   2   5   1  -4.69442096605E-03
   3   5   1  -4.69442155975E-03
   4   5   1  -2.25132798164E-03
   5   5   1  -5.41545286800E-03
   6   5   1  -5.41545385802E-03
   1   6   1  -1.00914776801E-04
   2   6   1  -4.45888155456E-03
   3   6   1  -7.17798481040E-03
   4   6   1  -4.45888232879E-03
   5   6   1  -1.00915236310E-04
   6   6   1  -2.21567659118E-02
   2   2   2   2
   1   1   1   6.91467869444E-02
   2   1   1   4.91739888889E-03
   3   1   1   7.35141111111E-04
   4   1   1   3.31738138889E-03
   5   1   1   7.35141111111E-04
   6   1   1   4.91739888889E-03
   1   2   1   1.46404150000E-02
   2   2   1   1.46404150000E-02
   3   2   1   1.16457641667E-02
   4   2   1   2.38236666667E-03
   5   2   1   2.38236666667E-03
   6   2   1   1.16457641667E-02
   1   3   1  -4.27555555556E-04
   2   3   1   2.04514830556E-02
   3   3   1  -4.27555555556E-04
   4   3   1   2.95593055556E-03
   5   3   1   6.90488527778E-03
   6   3   1   2.95593055556E-03
   1   4   1   1.91782583333E-03
   2   4   1   4.92115000000E-03
   3   4   1   4.92115000000E-03
   4   4   1   1.91782583333E-03
   5   4   1   4.92115000000E-03
   6   4   1   4.92115000000E-03
   1   5   1  -4.27555555556E-04
   2   5   1   2.95593055556E-03
   3   5   1   6.90488527778E-03
   4   5   1   2.95593055556E-03
   5   5   1  -4.27555555556E-04
   6   5   1   2.04514830556E-02
   1   6   1   1.46404150000E-02
   2   6   1   1.16457641667E-02
   3   6   1   2.38236666667E-03
   4   6   1   2.38236666667E-03
   5   6   1   1.16457641667E-02
   6   6   1   1.46404150000E-02
   2   3   1   1
   1   1   1   0.00000000000E+00
   2   1   1   0.00000000000E+00
   3   1   1   0.00000000000E+00
   4   1   1   0.00000000000E+00
   5   1   1   0.00000000000E+00
   6   1   1   0.00000000000E+00
   1   2   1   0.00000000000E+00
   2   2   1   0.00000000000E+00
   3   2   1   0.00000000000E+00
   4   2   1   0.00000000000E+00
   5   2   1   0.00000000000E+00
   6   2   1   0.00000000000E+00
   1   3   1   0.00000000000E+00
   2   3   1   0.00000000000E+00
   3   3   1   0.00000000000E+00
   4   3   1   0.00000000000E+00
   5   3   1   0.00000000000E+00
   6   3   1   0.00000000000E+00
   1   4   1   0.00000000000E+00
   2   4   1   0.00000000000E+00
   3   4   1   0.00000000000E+00
   4   4   1   0.00000000000E+00
   5   4   1   0.00000000000E+00
   6   4   1   0.00000000000E+00
   1   5   1   0.00000000000E+00
   2   5   1   0.00000000000E+00
   3   5   1   0.00000000000E+00
   4   5   1   0.00000000000E+00
   5   5   1   0.00000000000E+00
   6   5   1   0.00000000000E+00
   1   6   1   0.00000000000E+00
   2   6   1   0.00000000000E+00
   3   6   1   0.00000000000E+00
   4   6   1   0.00000000000E+00
   5   6   1   0.00000000000E+00
   6   6   1   0.00000000000E+00
   2   3   1   2
   1   1   1   0.00000000000E+00
   2   1   1   0.00000000000E+00
   3   1   1   0.00000000000E+00
   4   1   1   0.00000000000E+00
   5   1   1   0.00000000000E+00
   6   1   1   0.00000000000E+00
   1   2   1   0.00000000000E+00
   2   2   1   0.00000000000E+00
   3   2   1   0.00000000000E+00
   4   2   1   0.00000000000E+00
   5   2   1   0.00000000000E+00
   6   2   1   0.00000000000E+00
   1   3   1   0.00000000000E+00
   2   3   1   0.00000000000E+00
   3   3   1   0.00000000000E+00
   4   3   1   0.00000000000E+00
   5   3   1   0.00000000000E+00
   6   3   1   0.00000000000E+00
   1   4   1   0.00000000000E+00
   2   4   1   0.00000000000E+00
   3   4   1   0.00000000000E+00
   4   4   1   0.00000000000E+00
   5   4   1   0.00000000000E+00
   6   4   1   0.00000000000E+00
   1   5   1   0.00000000000E+00
   2   5   1   0.00000000000E+00
   3   5   1   0.00000000000E+00
   4   5   1   0.00000000000E+00
   5   5   1   0.00000000000E+00
   6   5   1   0.00000000000E+00
   1   6   1   0.00000000000E+00
   2   6   1   0.00000000000E+00
   3   6   1   0.00000000000E+00
   4   6   1   0.00000000000E+00
   5   6   1   0.00000000000E+00
   6   6   1   0.00000000000E+00
   2   3   2   1
   1   1   1   0.00000000000E+00
   2   1   1   0.00000000000E+00
   3   1   1   0.00000000000E+00
   4   1   1   0.00000000000E+00
   5   1   1   0.00000000000E+00
   6   1   1   0.00000000000E+00
   1   2   1   0.00000000000E+00
   2   2   1   0.00000000000E+00
   3   2   1   0.00000000000E+00
   4   2   1   0.00000000000E+00
   5   2   1   0.00000000000E+00
   6   2   1   0.00000000000E+00
   1   3   1   0.00000000000E+00
   2   3   1   0.00000000000E+00
   3   3   1   0.00000000000E+00
   4   3   1   0.00000000000E+00
   5   3   1   0.00000000000E+00
   6   3   1   0.00000000000E+00
   1   4   1   0.00000000000E+00
   2   4   1   0.00000000000E+00
   3   4   1   0.00000000000E+00
   4   4   1   0.00000000000E+00
   5   4   1   0.00000000000E+00
   6   4   1   0.00000000000E+00
   1   5   1   0.00000000000E+00
   2   5   1   0.00000000000E+00
   3   5   1   0.00000000000E+00
   4   5   1   0.00000000000E+00
   5   5   1   0.00000000000E+00
   6   5   1   0.00000000000E+00
   1   6   1   0.00000000000E+00
   2   6   1   0.00000000000E+00
   3   6   1   0.00000000000E+00
   4   6   1   0.00000000000E+00
   5   6   1   0.00000000000E+00
   6   6   1   0.00000000000E+00
   2   3   2   2
   1   1   1   0.00000000000E+00
   2   1   1   0.00000000000E+00
   3   1   1   0.00000000000E+00
   4   1   1   0.00000000000E+00
   5   1   1   0.00000000000E+00
   6   1   1   0.00000000000E+00
   1   2   1   0.00000000000E+00
   2   2   1   0.00000000000E+00
   3   2   1   0.00000000000E+00
   4   2   1   0.00000000000E+00
   5   2   1   0.00000000000E+00
   6   2   1   0.00000000000E+00
   1   3   1   0.00000000000E+00
   2   3   1   0.00000000000E+00
   3   3   1   0.00000000000E+00
   4   3   1   0.00000000000E+00
   5   3   1   0.00000000000E+00
   6   3   1   0.00000000000E+00
   1   4   1   0.00000000000E+00
   2   4   1   0.00000000000E+00
   3   4   1   0.00000000000E+00
   4   4   1   0.00000000000E+00
   5   4   1   0.00000000000E+00
   6   4   1   0.00000000000E+00
   1   5   1   0.00000000000E+00
   2   5   1   0.00000000000E+00
   3   5   1   0.00000000000E+00
   4   5   1   0.00000000000E+00
   5   5   1   0.00000000000E+00
   6   5   1   0.00000000000E+00
   1   6   1   0.00000000000E+00
   2   6   1   0.00000000000E+00
   3   6   1   0.00000000000E+00
   4   6   1   0.00000000000E+00
   5   6   1   0.00000000000E+00
   6   6   1   0.00000000000E+00
   3   1   1   1
   1   1   1   0.00000000000E+00
   2   1   1   0.00000000000E+00
   3   1   1   0.00000000000E+00
   4   1   1   0.00000000000E+00
   5   1   1   0.00000000000E+00
   6   1   1   0.00000000000E+00
   1   2   1   0.00000000000E+00
   2   2   1   0.00000000000E+00
   3   2   1   0.00000000000E+00
   4   2   1   0.00000000000E+00
   5   2   1   0.00000000000E+00
   6   2   1   0.00000000000E+00
   1   3   1   0.00000000000E+00
   2   3   1   0.00000000000E+00
   3   3   1   0.00000000000E+00
   4   3   1   0.00000000000E+00
   5   3   1   0.00000000000E+00
   6   3   1   0.00000000000E+00
   1   4   1   0.00000000000E+00
   2   4   1   0.00000000000E+00
   3   4   1   0.00000000000E+00
   4   4   1   0.00000000000E+00
   5   4   1   0.00000000000E+00
   6   4   1   0.00000000000E+00
   1   5   1   0.00000000000E+00
   2   5   1   0.00000000000E+00
   3   5   1   0.00000000000E+00
   4   5   1   0.00000000000E+00
   5   5   1   0.00000000000E+00
   6   5   1   0.00000000000E+00
   1   6   1   0.00000000000E+00
   2   6   1   0.00000000000E+00
   3   6   1   0.00000000000E+00
   4   6   1   0.00000000000E+00
   5   6   1   0.00000000000E+00
   6   6   1   0.00000000000E+00
   3   1   1   2
   1   1   1   0.00000000000E+00
   2   1   1   0.00000000000E+00
   3   1   1   0.00000000000E+00
   4   1   1   0.00000000000E+00
   5   1   1   0.00000000000E+00
   6   1   1   0.00000000000E+00
   1   2   1   0.00000000000E+00
   2   2   1   0.00000000000E+00
   3   2   1   0.00000000000E+00
   4   2   1   0.00000000000E+00
   5   2   1   0.00000000000E+00
   6   2   1   0.00000000000E+00
   1   3   1   0.00000000000E+00
   2   3   1   0.00000000000E+00
   3   3   1   0.00000000000E+00
   4   3   1   0.00000000000E+00
   5   3   1   0.00000000000E+00
   6   3   1   0.00000000000E+00
   1   4   1   0.00000000000E+00
   2   4   1   0.00000000000E+00
   3   4   1   0.00000000000E+00
   4   4   1   0.00000000000E+00
   5   4   1   0.00000000000E+00
   6   4   1   0.00000000000E+00
   1   5   1   0.00000000000E+00
   2   5   1   0.00000000000E+00
   3   5   1   0.00000000000E+00
   4   5   1   0.00000000000E+00
   5   5   1   0.00000000000E+00
   6   5   1   0.00000000000E+00
   1   6   1   0.00000000000E+00
   2   6   1   0.00000000000E+00
   3   6   1   0.00000000000E+00
   4   6   1   0.00000000000E+00
   5   6   1   0.00000000000E+00
   6   6   1   0.00000000000E+00
   3   1   2   1
   1   1   1   0.00000000000E+00
   2   1   1   0.00000000000E+00
   3   1   1   0.00000000000E+00
   4   1   1   0.00000000000E+00
   5   1   1   0.00000000000E+00
   6   1   1   0.00000000000E+00
   1   2   1   0.00000000000E+00
   2   2   1   0.00000000000E+00
   3   2   1   0.00000000000E+00
   4   2   1   0.00000000000E+00
   5   2   1   0.00000000000E+00
   6   2   1   0.00000000000E+00
   1   3   1   0.00000000000E+00
   2   3   1   0.00000000000E+00
   3   3   1   0.00000000000E+00
   4   3   1   0.00000000000E+00
   5   3   1   0.00000000000E+00
   6   3   1   0.00000000000E+00
   1   4   1   0.00000000000E+00
   2   4   1   0.00000000000E+00
   3   4   1   0.00000000000E+00
   4   4   1   0.00000000000E+00
   5   4   1   0.00000000000E+00
   6   4   1   0.00000000000E+00
   1   5   1   0.00000000000E+00
   2   5   1   0.00000000000E+00
   3   5   1   0.00000000000E+00
   4   5   1   0.00000000000E+00
   5   5   1   0.00000000000E+00
   6   5   1   0.00000000000E+00
   1   6   1   0.00000000000E+00
   2   6   1   0.00000000000E+00
   3   6   1   0.00000000000E+00
   4   6   1   0.00000000000E+00
   5   6   1   0.00000000000E+00
   6   6   1   0.00000000000E+00
   3   1   2   2
   1   1   1   0.00000000000E+00
   2   1   1   0.00000000000E+00
   3   1   1   0.00000000000E+00
   4   1   1   0.00000000000E+00
   5   1   1   0.00000000000E+00
   6   1   1   0.00000000000E+00
   1   2   1   0.00000000000E+00
   2   2   1   0.00000000000E+00
   3   2   1   0.00000000000E+00
   4   2   1   0.00000000000E+00
   5   2   1   0.00000000000E+00
   6   2   1   0.00000000000E+00
   1   3   1   0.00000000000E+00
   2   3   1   0.00000000000E+00
   3   3   1   0.00000000000E+00
   4   3   1   0.00000000000E+00
   5   3   1   0.00000000000E+00
   6   3   1   0.00000000000E+00
   1   4   1   0.00000000000E+00
   2   4   1   0.00000000000E+00
   3   4   1   0.00000000000E+00
   4   4   1   0.00000000000E+00
   5   4   1   0.00000000000E+00
   6   4   1   0.00000000000E+00
   1   5   1   0.00000000000E+00
   2   5   1   0.00000000000E+00
   3   5   1   0.00000000000E+00
   4   5   1   0.00000000000E+00
   5   5   1   0.00000000000E+00
   6   5   1   0.00000000000E+00
   1   6   1   0.00000000000E+00
   2   6   1   0.00000000000E+00
   3   6   1   0.00000000000E+00
   4   6   1   0.00000000000E+00
   5   6   1   0.00000000000E+00
   6   6   1   0.00000000000E+00
   3   2   1   1
   1   1   1   0.00000000000E+00
   2   1   1   0.00000000000E+00
   3   1   1   0.00000000000E+00
   4   1   1   0.00000000000E+00
   5   1   1   0.00000000000E+00
   6   1   1   0.00000000000E+00
   1   2   1   0.00000000000E+00
   2   2   1   0.00000000000E+00
   3   2   1   0.00000000000E+00
   4   2   1   0.00000000000E+00
   5   2   1   0.00000000000E+00
   6   2   1   0.00000000000E+00
   1   3   1   0.00000000000E+00
   2   3   1   0.00000000000E+00
   3   3   1   0.00000000000E+00
   4   3   1   0.00000000000E+00
   5   3   1   0.00000000000E+00
   6   3   1   0.00000000000E+00
   1   4   1   0.00000000000E+00
   2   4   1   0.00000000000E+00
   3   4   1   0.00000000000E+00
   4   4   1   0.00000000000E+00
   5   4   1   0.00000000000E+00
   6   4   1   0.00000000000E+00
   1   5   1   0.00000000000E+00
   2   5   1   0.00000000000E+00
   3   5   1   0.00000000000E+00
   4   5   1   0.00000000000E+00
   5   5   1   0.00000000000E+00
   6   5   1   0.00000000000E+00
   1   6   1   0.00000000000E+00
   2   6   1   0.00000000000E+00
   3   6   1   0.00000000000E+00
   4   6   1   0.00000000000E+00
   5   6   1   0.00000000000E+00
   6   6   1   0.00000000000E+00
   3   2   1   2
   1   1   1   0.00000000000E+00
   2   1   1   0.00000000000E+00
   3   1   1   0.00000000000E+00
   4   1   1   0.00000000000E+00
   5   1   1   0.00000000000E+00
   6   1   1   0.00000000000E+00
   1   2   1   0.00000000000E+00
   2   2   1   0.00000000000E+00
   3   2   1   0.00000000000E+00
   4   2   1   0.00000000000E+00
   5   2   1   0.00000000000E+00
   6   2   1   0.00000000000E+00
   1   3   1   0.00000000000E+00
   2   3   1   0.00000000000E+00
   3   3   1   0.00000000000E+00
   4   3   1   0.00000000000E+00
   5   3   1   0.00000000000E+00
   6   3   1   0.00000000000E+00
   1   4   1   0.00000000000E+00
   2   4   1   0.00000000000E+00
   3   4   1   0.00000000000E+00
   4   4   1   0.00000000000E+00
   5   4   1   0.00000000000E+00
   6   4   1   0.00000000000E+00
   1   5   1   0.00000000000E+00
   2   5   1   0.00000000000E+00
   3   5   1   0.00000000000E+00
   4   5   1   0.00000000000E+00
   5   5   1   0.00000000000E+00
   6   5   1   0.00000000000E+00
   1   6   1   0.00000000000E+00
   2   6   1   0.00000000000E+00
   3   6   1   0.00000000000E+00
   4   6   1   0.00000000000E+00
   5   6   1   0.00000000000E+00
   6   6   1   0.00000000000E+00
   3   2   2   1
   1   1   1   0.00000000000E+00
   2   1   1   0.00000000000E+00
   3   1   1   0.00000000000E+00
   4   1   1   0.00000000000E+00
   5   1   1   0.00000000000E+00
   6   1   1   0.00000000000E+00
   1   2   1   0.00000000000E+00
   2   2   1   0.00000000000E+00
   3   2   1   0.00000000000E+00
   4   2   1   0.00000000000E+00
   5   2   1   0.00000000000E+00
   6   2   1   0.00000000000E+00
   1   3   1   0.00000000000E+00
   2   3   1   0.00000000000E+00
   3   3   1   0.00000000000E+00
   4   3   1   0.00000000000E+00
   5   3   1   0.00000000000E+00
   6   3   1   0.00000000000E+00
   1   4   1   0.00000000000E+00
   2   4   1   0.00000000000E+00
   3   4   1   0.00000000000E+00
   4   4   1   0.00000000000E+00
   5   4   1   0.00000000000E+00
   6   4   1   0.00000000000E+00
   1   5   1   0.00000000000E+00
   2   5   1   0.00000000000E+00
   3   5   1   0.00000000000E+00
   4   5   1   0.00000000000E+00
   5   5   1   0.00000000000E+00
   6   5   1   0.00000000000E+00
   1   6   1   0.00000000000E+00
   2   6   1   0.00000000000E+00
   3   6   1   0.00000000000E+00
   4   6   1   0.00000000000E+00
   5   6   1   0.00000000000E+00
   6   6   1   0.00000000000E+00
   3   2   2   2
   1   1   1   0.00000000000E+00
   2   1   1   0.00000000000E+00
   3   1   1   0.00000000000E+00
   4   1   1   0.00000000000E+00
   5   1   1   0.00000000000E+00
   6   1   1   0.00000000000E+00
   1   2   1   0.00000000000E+00
   2   2   1   0.00000000000E+00
   3   2   1   0.00000000000E+00
   4   2   1   0.00000000000E+00
   5   2   1   0.00000000000E+00
   6   2   1   0.00000000000E+00
   1   3   1   0.00000000000E+00
   2   3   1   0.00000000000E+00
   3   3   1   0.00000000000E+00
   4   3   1   0.00000000000E+00
   5   3   1   0.00000000000E+00
   6   3   1   0.00000000000E+00
   1   4   1   0.00000000000E+00
   2   4   1   0.00000000000E+00
   3   4   1   0.00000000000E+00
   4   4   1   0.00000000000E+00
   5   4   1   0.00000000000E+00
   6   4   1   0.00000000000E+00
   1   5   1   0.00000000000E+00
   2   5   1   0.00000000000E+00
   3   5   1   0.00000000000E+00
   4   5   1   0.00000000000E+00
   5   5   1   0.00000000000E+00
   6   5   1   0.00000000000E+00
   1   6   1   0.00000000000E+00
   2   6   1   0.00000000000E+00
   3   6   1   0.00000000000E+00
   4   6   1   0.00000000000E+00
   5   6   1   0.00000000000E+00
   6   6   1   0.00000000000E+00
   3   3   1   1
   1   1   1   1.27960388889E-03
   2   1   1  -4.83877777778E-04
   3   1   1  -2.92711111111E-05
   4   1   1   1.48297222222E-04
   5   1   1  -2.92711111111E-05
   6   1   1  -4.83877777778E-04
   1   2   1  -4.83877777778E-04
   2   2   1  -4.83877777778E-04
   3   2   1   4.46268888889E-04
   4   2   1  -1.51181111111E-04
   5   2   1  -1.51181111111E-04
   6   2   1   4.46268888889E-04
   1   3   1  -2.92711111111E-05
   2   3   1   4.46268888889E-04
   3   3   1  -2.92711111111E-05
   4   3   1  -1.51181111111E-04
   5   3   1   2.45518888889E-04
   6   3   1  -1.51181111111E-04
   1   4   1   1.48297222222E-04
   2   4   1  -1.51181111111E-04
   3   4   1  -1.51181111111E-04
   4   4   1   1.48297222222E-04
   5   4   1  -1.51181111111E-04
   6   4   1  -1.51181111111E-04
   1   5   1  -2.92711111111E-05
   2   5   1  -1.51181111111E-04
   3   5   1   2.45518888889E-04
   4   5   1  -1.51181111111E-04
   5   5   1  -2.92711111111E-05
   6   5   1   4.46268888889E-04
   1   6   1  -4.83877777778E-04
   2   6   1   4.46268888889E-04
   3   6   1  -1.51181111111E-04
   4   6   1  -1.51181111111E-04
   5   6   1   4.46268888889E-04
   6   6   1  -4.83877777778E-04
   3   3   1   2
   1   1   1  -3.86216666667E-05
   2   1   1  -3.86216104066E-05
   3   1   1  -6.20783146947E-05
   4   1   1   8.99833333333E-06
   5   1   1   8.99831469474E-06
   6   1   1  -6.20783895934E-05
   1   2   1  -6.20783895934E-05
   2   2   1   1.39567777778E-04
   3   2   1  -6.20787619983E-05
   4   2   1   1.03998850094E-04
   5   2   1  -5.45904788360E-05
   6   2   1   1.03999298319E-04
   1   3   1   8.99831469474E-06
   2   3   1  -3.52762380017E-05
   3   3   1  -3.52766666667E-05
   4   3   1   8.99789587683E-06
   5   3   1  -5.45904689889E-05
   6   3   1  -5.45904788360E-05
   1   4   1   8.99833333333E-06
   2   4   1   2.09633721285E-05
   3   4   1   5.41543745651E-06
   4   4   1   2.09627777778E-05
   5   4   1   8.99789587683E-06
   6   4   1   1.03998850094E-04
   1   5   1  -6.20783146947E-05
   2   5   1  -3.52761878307E-05
   3   5   1   5.41546898889E-06
   4   5   1   5.41543745651E-06
   5   5   1  -3.52766666667E-05
   6   5   1  -6.20787619983E-05
   1   6   1  -3.86216104066E-05
   2   6   1   1.39567923903E-04
   3   6   1  -3.52761878307E-05
   4   6   1   2.09633721285E-05
   5   6   1  -3.52762380017E-05
   6   6   1   1.39567777778E-04
   3   3   2   1
   1   1   1  -3.86216666667E-05
   2   1   1  -6.20783895934E-05
   3   1   1   8.99831469474E-06
   4   1   1   8.99833333333E-06
   5   1   1  -6.20783146947E-05
   6   1   1  -3.86216104066E-05
   1   2   1  -3.86216104066E-05
   2   2   1   1.39567777778E-04
   3   2   1  -3.52762380017E-05
   4   2   1   2.09633721285E-05
   5   2   1  -3.52761878307E-05
   6   2   1   1.39567923903E-04
   1   3   1  -6.20783146947E-05
   2   3   1  -6.20787619983E-05
   3   3   1  -3.52766666667E-05
   4   3   1   5.41543745651E-06
   5   3   1   5.41546898889E-06
   6   3   1  -3.52761878307E-05
   1   4   1   8.99833333333E-06
   2   4   1   1.03998850094E-04
   3   4   1   8.99789587683E-06
   4   4   1   2.09627777778E-05
   5   4   1   5.41543745651E-06
   6   4   1   2.09633721285E-05
   1   5   1   8.99831469474E-06
   2   5   1  -5.45904788360E-05
   3   5   1  -5.45904689889E-05
   4   5   1   8.99789587683E-06
   5   5   1  -3.52766666667E-05
   6   5   1  -3.52762380017E-05
   1   6   1  -6.20783895934E-05
   2   6   1   1.03999298319E-04
   3   6   1  -5.45904788360E-05
   4   6   1   1.03998850094E-04
   5   6   1  -6.20787619983E-05
   6   6   1   1.39567777778E-04
   3   3   2   2
   1   1   1   1.27960388889E-03
   2   1   1  -4.83877777778E-04
   3   1   1  -2.92711111111E-05
   4   1   1   1.48297222222E-04
   5   1   1  -2.92711111111E-05
   6   1   1  -4.83877777778E-04
   1   2   1  -4.83877777778E-04
   2   2   1  -4.83877777778E-04
   3   2   1   4.46268888889E-04
   4   2   1  -1.51181111111E-04
   5   2   1  -1.51181111111E-04
   6   2   1   4.46268888889E-04
   1   3   1  -2.92711111111E-05
   2   3   1   4.46268888889E-04
   3   3   1  -2.92711111111E-05
   4   3   1  -1.51181111111E-04
   5   3   1   2.45518888889E-04
   6   3   1  -1.51181111111E-04
   1   4   1   1.48297222222E-04
   2   4   1  -1.51181111111E-04
   3   4   1  -1.51181111111E-04
   4   4   1   1.48297222222E-04
   5   4   1  -1.51181111111E-04
   6   4   1  -1.51181111111E-04
   1   5   1  -2.92711111111E-05
   2   5   1  -1.51181111111E-04
   3   5   1   2.45518888889E-04
   4   5   1  -1.51181111111E-04
   5   5   1  -2.92711111111E-05
   6   5   1   4.46268888889E-04
   1   6   1  -4.83877777778E-04
   2   6   1   4.46268888889E-04
   3   6   1  -1.51181111111E-04
   4   6   1  -1.51181111111E-04
   5   6   1   4.46268888889E-04
   6   6   1  -4.83877777778E-04
