  8.000000000000000E-002 -0.315064452922073       0.575004374172955     
   6   6   1
   1   1   1   1
   1   1   1   2.50844219444E-02
   2   1   1   6.83124194444E-03
   3   1   1   1.72726194444E-03
   4   1   1   9.55214861111E-03
   5   1   1   1.72726194444E-03
   6   1   1   6.83124194444E-03
   1   2   1   4.52312361111E-03
   2   2   1   4.52312361111E-03
   3   2   1   1.48793344444E-02
   4   2   1   3.44012027778E-03
   5   2   1   3.44012027778E-03
   6   2   1   1.48793344444E-02
   1   3   1   2.35891694444E-03
   2   3   1   1.21924144444E-02
   3   3   1   2.35891694444E-03
   4   3   1   3.39936027778E-03
   5   3   1   1.18330644444E-02
   6   3   1   3.39936027778E-03
   1   4   1   1.01998119444E-02
   2   4   1   2.65185694444E-03
   3   4   1   2.65185694444E-03
   4   4   1   1.01998119444E-02
   5   4   1   2.65185694444E-03
   6   4   1   2.65185694444E-03
   1   5   1   2.35891694444E-03
   2   5   1   3.39936027778E-03
   3   5   1   1.18330644444E-02
   4   5   1   3.39936027778E-03
   5   5   1   2.35891694444E-03
   6   5   1   1.21924144444E-02
   1   6   1   4.52312361111E-03
   2   6   1   1.48793344444E-02
   3   6   1   3.44012027778E-03
   4   6   1   3.44012027778E-03
   5   6   1   1.48793344444E-02
   6   6   1   4.52312361111E-03
   1   1   1   2
   1   1   1  -1.75587727778E-02
   2   1   1  -1.75587715217E-02
   3   1   1  -9.96850301269E-04
   4   1   1  -6.92735944444E-03
   5   1   1  -6.92735858762E-03
   6   1   1  -9.96850700487E-04
   1   2   1  -1.15630219018E-02
   2   2   1   2.27985453350E-04
   3   2   1  -1.15630217232E-02
   4   2   1  -1.07057390102E-02
   5   2   1  -1.35400653324E-03
   6   2   1  -1.07057403503E-02
   1   3   1  -1.17222024945E-04
   2   3   1  -8.80951884717E-03
   3   3   1  -8.80952001258E-03
   4   3   1  -1.17222941414E-04
   5   3   1  -8.91994510322E-03
   6   3   1  -8.91994535215E-03
   1   4   1  -7.35198722222E-03
   2   4   1  -7.77782879551E-03
   3   4   1  -3.95621181811E-04
   4   4   1  -7.77782833333E-03
   5   4   1  -7.35198659597E-03
   6   4   1   9.70546217768E-06
   1   5   1  -8.09934353061E-03
   2   5   1  -5.50148536735E-04
   3   5   1  -8.58670045234E-03
   4   5   1  -8.58669928081E-03
   5   5   1  -5.50147209644E-04
   6   5   1  -8.09934337505E-03
   1   6   1  -1.35607920931E-03
   2   6   1  -1.15525996497E-02
   3   6   1  -9.66707291121E-03
   4   6   1  -5.67314323146E-04
   5   6   1  -9.66707272123E-03
   6   6   1  -1.15526004533E-02
   1   1   2   1
   1   1   1  -1.75587727778E-02
   2   1   1  -9.96850700487E-04
   3   1   1  -6.92735858762E-03
   4   1   1  -6.92735944444E-03
   5   1   1  -9.96850301269E-04
   6   1   1  -1.75587715217E-02
   1   2   1  -1.35607920931E-03
   2   2   1  -1.15526004533E-02
   3   2   1  -9.66707272123E-03
   4   2   1  -5.67314323146E-04
   5   2   1  -9.66707291121E-03
   6   2   1  -1.15525996497E-02
   1   3   1  -8.09934353061E-03
   2   3   1  -8.09934337505E-03
   3   3   1  -5.50147209644E-04
   4   3   1  -8.58669928081E-03
   5   3   1  -8.58670045234E-03
   6   3   1  -5.50148536735E-04
   1   4   1  -7.35198722222E-03
   2   4   1   9.70546217768E-06
   3   4   1  -7.35198659597E-03
   4   4   1  -7.77782833333E-03
   5   4   1  -3.95621181811E-04
   6   4   1  -7.77782879551E-03
   1   5   1  -1.17222024945E-04
   2   5   1  -8.91994535215E-03
   3   5   1  -8.91994510322E-03
   4   5   1  -1.17222941414E-04
   5   5   1  -8.80952001258E-03
   6   5   1  -8.80951884717E-03
   1   6   1  -1.15630219018E-02
   2   6   1  -1.07057403503E-02
   3   6   1  -1.35400653324E-03
   4   6   1  -1.07057390102E-02
   5   6   1  -1.15630217232E-02
   6   6   1   2.27985453350E-04
   1   1   2   2
   1   1   1   2.50844219444E-02
   2   1   1   6.83124194444E-03
   3   1   1   1.72726194444E-03
   4   1   1   9.55214861111E-03
   5   1   1   1.72726194444E-03
   6   1   1   6.83124194444E-03
   1   2   1   4.52312361111E-03
   2   2   1   4.52312361111E-03
   3   2   1   1.48793344444E-02
   4   2   1   3.44012027778E-03
   5   2   1   3.44012027778E-03
   6   2   1   1.48793344444E-02
   1   3   1   2.35891694444E-03
   2   3   1   1.21924144444E-02
   3   3   1   2.35891694444E-03
   4   3   1   3.39936027778E-03
   5   3   1   1.18330644444E-02
   6   3   1   3.39936027778E-03
   1   4   1   1.01998119444E-02
   2   4   1   2.65185694444E-03
   3   4   1   2.65185694444E-03
   4   4   1   1.01998119444E-02
   5   4   1   2.65185694444E-03
   6   4   1   2.65185694444E-03
   1   5   1   2.35891694444E-03
   2   5   1   3.39936027778E-03
   3   5   1   1.18330644444E-02
   4   5   1   3.39936027778E-03
   5   5   1   2.35891694444E-03
   6   5   1   1.21924144444E-02
   1   6   1   4.52312361111E-03
   2   6   1   1.48793344444E-02
   3   6   1   3.44012027778E-03
   4   6   1   3.44012027778E-03
   5   6   1   1.48793344444E-02
   6   6   1   4.52312361111E-03
   1   2   1   1
   1   1   1   4.81867632216E-20
   2   1   1  -6.64523087296E-03
   3   1   1   4.20379748765E-03
   4   1   1   0.00000000000E+00
   5   1   1  -4.20379748765E-03
   6   1   1   6.64523087296E-03
   1   2   1  -7.97782476185E-03
   2   2   1   7.97782476185E-03
   3   2   1   1.55129444444E-03
   4   2   1  -3.78691857194E-03
   5   2   1   3.78691857194E-03
   6   2   1  -1.55129444444E-03
   1   3   1   4.56848415431E-03
   2   3   1  -3.84721489985E-19
   3   3   1  -4.56848415431E-03
   4   3   1   4.67359246083E-03
   5   3   1   3.33878566626E-19
   6   3   1  -4.67359246083E-03
   1   4   1   3.73929444444E-04
   2   4   1  -4.24202190527E-03
   3   4   1   4.24202190527E-03
   4   4   1  -3.73929444444E-04
   5   4   1  -4.19495634972E-03
   6   4   1   4.19495634972E-03
   1   5   1  -3.83911082098E-03
   2   5   1   3.76338579416E-03
   3   5   1  -6.44890202678E-19
   4   5   1  -3.76338579416E-03
   5   5   1   3.83911082098E-03
   6   5   1   3.76322223220E-19
   1   6   1   5.31263698408E-03
   2   6   1  -1.55129444444E-03
   3   6   1  -4.65005968305E-03
   4   6   1   4.65005968305E-03
   5   6   1   1.55129444444E-03
   6   6   1  -5.31263698408E-03
   1   2   1   2
   1   1   1   9.35462833333E-03
   2   1   1  -9.35462895119E-03
   3   1   1  -1.99975425335E-03
   4   1   1   4.17699388889E-03
   5   1   1  -4.17699407999E-03
   6   1   1   1.99975506230E-03
   1   2   1  -4.10062703342E-03
   2   2   1  -1.87311256156E-10
   3   2   1   4.10062632475E-03
   4   2   1  -6.18656586095E-03
   5   2   1   7.08668808566E-10
   6   2   1   6.18656604826E-03
   1   3   1  -2.45159094376E-04
   2   3   1   5.26365956012E-03
   3   3   1  -5.26365904200E-03
   4   3   1   2.45158689393E-04
   5   3   1   4.36819644082E-03
   6   3   1  -4.36819655395E-03
   1   4   1   3.93183500000E-03
   2   4   1  -4.16299270258E-03
   3   4   1  -3.81140929774E-10
   4   4   1   4.16299166667E-03
   5   4   1  -3.93183461886E-03
   6   4   1   1.03591480788E-09
   1   5   1  -6.10038090562E-03
   2   5   1   4.95107665064E-04
   3   5   1   4.72912022585E-03
   4   5   1  -4.72912091162E-03
   5   5   1  -4.95107624665E-04
   6   5   1   6.10038155099E-03
   1   6   1   3.66750651976E-10
   2   6   1   6.80152395174E-03
   3   6   1  -4.76855070867E-03
   4   6   1  -8.05715018707E-10
   5   6   1   4.76855034192E-03
   6   6   1  -6.80152314602E-03
   1   2   2   1
   1   1   1   9.35462833333E-03
   2   1   1   1.99975506230E-03
   3   1   1  -4.17699407999E-03
   4   1   1   4.17699388889E-03
   5   1   1  -1.99975425335E-03
   6   1   1  -9.35462895119E-03
   1   2   1   3.66750651976E-10
   2   2   1  -6.80152314602E-03
   3   2   1   4.76855034192E-03
   4   2   1  -8.05715018707E-10
   5   2   1  -4.76855070867E-03
   6   2   1   6.80152395174E-03
   1   3   1  -6.10038090562E-03
   2   3   1   6.10038155099E-03
   3   3   1  -4.95107624665E-04
   4   3   1  -4.72912091162E-03
   5   3   1   4.72912022585E-03
   6   3   1   4.95107665064E-04
   1   4   1   3.93183500000E-03
   2   4   1   1.03591480788E-09
   3   4   1  -3.93183461886E-03
   4   4   1   4.16299166667E-03
   5   4   1  -3.81140929774E-10
   6   4   1  -4.16299270258E-03
   1   5   1  -2.45159094376E-04
   2   5   1  -4.36819655395E-03
   3   5   1   4.36819644082E-03
   4   5   1   2.45158689393E-04
   5   5   1  -5.26365904200E-03
   6   5   1   5.26365956012E-03
   1   6   1  -4.10062703342E-03
   2   6   1   6.18656604826E-03
   3   6   1   7.08668808566E-10
   4   6   1  -6.18656586095E-03
   5   6   1   4.10062632475E-03
   6   6   1  -1.87311256156E-10
   1   2   2   2
   1   1   1   4.81867632216E-20
   2   1   1   6.64523087296E-03
   3   1   1  -4.20379748765E-03
   4   1   1   0.00000000000E+00
   5   1   1   4.20379748765E-03
   6   1   1  -6.64523087296E-03
   1   2   1   5.31263698408E-03
   2   2   1  -5.31263698408E-03
   3   2   1   1.55129444444E-03
   4   2   1   4.65005968305E-03
   5   2   1  -4.65005968305E-03
   6   2   1  -1.55129444444E-03
   1   3   1  -3.83911082098E-03
   2   3   1   3.76322223220E-19
   3   3   1   3.83911082098E-03
   4   3   1  -3.76338579416E-03
   5   3   1  -6.44890202678E-19
   6   3   1   3.76338579416E-03
   1   4   1   3.73929444444E-04
   2   4   1   4.19495634972E-03
   3   4   1  -4.19495634972E-03
   4   4   1  -3.73929444444E-04
   5   4   1   4.24202190527E-03
   6   4   1  -4.24202190527E-03
   1   5   1   4.56848415431E-03
   2   5   1  -4.67359246083E-03
   3   5   1   3.33878566626E-19
   4   5   1   4.67359246083E-03
   5   5   1  -4.56848415431E-03
   6   5   1  -3.84721489985E-19
   1   6   1  -7.97782476185E-03
   2   6   1  -1.55129444444E-03
   3   6   1   3.78691857194E-03
   4   6   1  -3.78691857194E-03
   5   6   1   1.55129444444E-03
   6   6   1   7.97782476185E-03
   1   3   1   1
   1   1   1   0.00000000000E+00
   2   1   1   0.00000000000E+00
   3   1   1   0.00000000000E+00
   4   1   1   0.00000000000E+00
   5   1   1   0.00000000000E+00
   6   1   1   0.00000000000E+00
   1   2   1   0.00000000000E+00
   2   2   1   0.00000000000E+00
   3   2   1   0.00000000000E+00
   4   2   1   0.00000000000E+00
   5   2   1   0.00000000000E+00
   6   2   1   0.00000000000E+00
   1   3   1   0.00000000000E+00
   2   3   1   0.00000000000E+00
   3   3   1   0.00000000000E+00
   4   3   1   0.00000000000E+00
   5   3   1   0.00000000000E+00
   6   3   1   0.00000000000E+00
   1   4   1   0.00000000000E+00
   2   4   1   0.00000000000E+00
   3   4   1   0.00000000000E+00
   4   4   1   0.00000000000E+00
   5   4   1   0.00000000000E+00
   6   4   1   0.00000000000E+00
   1   5   1   0.00000000000E+00
   2   5   1   0.00000000000E+00
   3   5   1   0.00000000000E+00
   4   5   1   0.00000000000E+00
   5   5   1   0.00000000000E+00
   6   5   1   0.00000000000E+00
   1   6   1   0.00000000000E+00
   2   6   1   0.00000000000E+00
   3   6   1   0.00000000000E+00
   4   6   1   0.00000000000E+00
   5   6   1   0.00000000000E+00
   6   6   1   0.00000000000E+00
   1   3   1   2
   1   1   1   0.00000000000E+00
   2   1   1   0.00000000000E+00
   3   1   1   0.00000000000E+00
   4   1   1   0.00000000000E+00
   5   1   1   0.00000000000E+00
   6   1   1   0.00000000000E+00
   1   2   1   0.00000000000E+00
   2   2   1   0.00000000000E+00
   3   2   1   0.00000000000E+00
   4   2   1   0.00000000000E+00
   5   2   1   0.00000000000E+00
   6   2   1   0.00000000000E+00
   1   3   1   0.00000000000E+00
   2   3   1   0.00000000000E+00
   3   3   1   0.00000000000E+00
   4   3   1   0.00000000000E+00
   5   3   1   0.00000000000E+00
   6   3   1   0.00000000000E+00
   1   4   1   0.00000000000E+00
   2   4   1   0.00000000000E+00
   3   4   1   0.00000000000E+00
   4   4   1   0.00000000000E+00
   5   4   1   0.00000000000E+00
   6   4   1   0.00000000000E+00
   1   5   1   0.00000000000E+00
   2   5   1   0.00000000000E+00
   3   5   1   0.00000000000E+00
   4   5   1   0.00000000000E+00
   5   5   1   0.00000000000E+00
   6   5   1   0.00000000000E+00
   1   6   1   0.00000000000E+00
   2   6   1   0.00000000000E+00
   3   6   1   0.00000000000E+00
   4   6   1   0.00000000000E+00
   5   6   1   0.00000000000E+00
   6   6   1   0.00000000000E+00
   1   3   2   1
   1   1   1   0.00000000000E+00
   2   1   1   0.00000000000E+00
   3   1   1   0.00000000000E+00
   4   1   1   0.00000000000E+00
   5   1   1   0.00000000000E+00
   6   1   1   0.00000000000E+00
   1   2   1   0.00000000000E+00
   2   2   1   0.00000000000E+00
   3   2   1   0.00000000000E+00
   4   2   1   0.00000000000E+00
   5   2   1   0.00000000000E+00
   6   2   1   0.00000000000E+00
   1   3   1   0.00000000000E+00
   2   3   1   0.00000000000E+00
   3   3   1   0.00000000000E+00
   4   3   1   0.00000000000E+00
   5   3   1   0.00000000000E+00
   6   3   1   0.00000000000E+00
   1   4   1   0.00000000000E+00
   2   4   1   0.00000000000E+00
   3   4   1   0.00000000000E+00
   4   4   1   0.00000000000E+00
   5   4   1   0.00000000000E+00
   6   4   1   0.00000000000E+00
   1   5   1   0.00000000000E+00
   2   5   1   0.00000000000E+00
   3   5   1   0.00000000000E+00
   4   5   1   0.00000000000E+00
   5   5   1   0.00000000000E+00
   6   5   1   0.00000000000E+00
   1   6   1   0.00000000000E+00
   2   6   1   0.00000000000E+00
   3   6   1   0.00000000000E+00
   4   6   1   0.00000000000E+00
   5   6   1   0.00000000000E+00
   6   6   1   0.00000000000E+00
   1   3   2   2
   1   1   1   0.00000000000E+00
   2   1   1   0.00000000000E+00
   3   1   1   0.00000000000E+00
   4   1   1   0.00000000000E+00
   5   1   1   0.00000000000E+00
   6   1   1   0.00000000000E+00
   1   2   1   0.00000000000E+00
   2   2   1   0.00000000000E+00
   3   2   1   0.00000000000E+00
   4   2   1   0.00000000000E+00
   5   2   1   0.00000000000E+00
   6   2   1   0.00000000000E+00
   1   3   1   0.00000000000E+00
   2   3   1   0.00000000000E+00
   3   3   1   0.00000000000E+00
   4   3   1   0.00000000000E+00
   5   3   1   0.00000000000E+00
   6   3   1   0.00000000000E+00
   1   4   1   0.00000000000E+00
   2   4   1   0.00000000000E+00
   3   4   1   0.00000000000E+00
   4   4   1   0.00000000000E+00
   5   4   1   0.00000000000E+00
   6   4   1   0.00000000000E+00
   1   5   1   0.00000000000E+00
   2   5   1   0.00000000000E+00
   3   5   1   0.00000000000E+00
   4   5   1   0.00000000000E+00
   5   5   1   0.00000000000E+00
   6   5   1   0.00000000000E+00
   1   6   1   0.00000000000E+00
   2   6   1   0.00000000000E+00
   3   6   1   0.00000000000E+00
   4   6   1   0.00000000000E+00
   5   6   1   0.00000000000E+00
   6   6   1   0.00000000000E+00
   2   1   1   1
   1   1   1   4.81867632216E-20
   2   1   1   6.64523087296E-03
   3   1   1  -4.20379748765E-03
   4   1   1   0.00000000000E+00
   5   1   1   4.20379748765E-03
   6   1   1  -6.64523087296E-03
   1   2   1   5.31263698408E-03
   2   2   1  -5.31263698408E-03
   3   2   1   1.55129444444E-03
   4   2   1   4.65005968305E-03
   5   2   1  -4.65005968305E-03
   6   2   1  -1.55129444444E-03
   1   3   1  -3.83911082098E-03
   2   3   1   3.76322223220E-19
   3   3   1   3.83911082098E-03
   4   3   1  -3.76338579416E-03
   5   3   1  -6.44890202678E-19
   6   3   1   3.76338579416E-03
   1   4   1   3.73929444444E-04
   2   4   1   4.19495634972E-03
   3   4   1  -4.19495634972E-03
   4   4   1  -3.73929444444E-04
   5   4   1   4.24202190527E-03
   6   4   1  -4.24202190527E-03
   1   5   1   4.56848415431E-03
   2   5   1  -4.67359246083E-03
   3   5   1   3.33878566626E-19
   4   5   1   4.67359246083E-03
   5   5   1  -4.56848415431E-03
   6   5   1  -3.84721489985E-19
   1   6   1  -7.97782476185E-03
   2   6   1  -1.55129444444E-03
   3   6   1   3.78691857194E-03
   4   6   1  -3.78691857194E-03
   5   6   1   1.55129444444E-03
   6   6   1   7.97782476185E-03
   2   1   1   2
   1   1   1   9.35462833333E-03
   2   1   1  -9.35462895119E-03
   3   1   1  -1.99975425335E-03
   4   1   1   4.17699388889E-03
   5   1   1  -4.17699407999E-03
   6   1   1   1.99975506230E-03
   1   2   1  -4.10062703342E-03
   2   2   1  -1.87311256156E-10
   3   2   1   4.10062632475E-03
   4   2   1  -6.18656586095E-03
   5   2   1   7.08668808566E-10
   6   2   1   6.18656604826E-03
   1   3   1  -2.45159094376E-04
   2   3   1   5.26365956012E-03
   3   3   1  -5.26365904200E-03
   4   3   1   2.45158689393E-04
   5   3   1   4.36819644082E-03
   6   3   1  -4.36819655395E-03
   1   4   1   3.93183500000E-03
   2   4   1  -4.16299270258E-03
   3   4   1  -3.81140929774E-10
   4   4   1   4.16299166667E-03
   5   4   1  -3.93183461886E-03
   6   4   1   1.03591480788E-09
   1   5   1  -6.10038090562E-03
   2   5   1   4.95107665064E-04
   3   5   1   4.72912022585E-03
   4   5   1  -4.72912091162E-03
   5   5   1  -4.95107624665E-04
   6   5   1   6.10038155099E-03
   1   6   1   3.66750651976E-10
   2   6   1   6.80152395174E-03
   3   6   1  -4.76855070867E-03
   4   6   1  -8.05715018707E-10
   5   6   1   4.76855034192E-03
   6   6   1  -6.80152314602E-03
   2   1   2   1
   1   1   1   9.35462833333E-03
   2   1   1   1.99975506230E-03
   3   1   1  -4.17699407999E-03
   4   1   1   4.17699388889E-03
   5   1   1  -1.99975425335E-03
   6   1   1  -9.35462895119E-03
   1   2   1   3.66750651976E-10
   2   2   1  -6.80152314602E-03
   3   2   1   4.76855034192E-03
   4   2   1  -8.05715018707E-10
   5   2   1  -4.76855070867E-03
   6   2   1   6.80152395174E-03
   1   3   1  -6.10038090562E-03
   2   3   1   6.10038155099E-03
   3   3   1  -4.95107624665E-04
   4   3   1  -4.72912091162E-03
   5   3   1   4.72912022585E-03
   6   3   1   4.95107665064E-04
   1   4   1   3.93183500000E-03
   2   4   1   1.03591480788E-09
   3   4   1  -3.93183461886E-03
   4   4   1   4.16299166667E-03
   5   4   1  -3.81140929774E-10
   6   4   1  -4.16299270258E-03
   1   5   1  -2.45159094376E-04
   2   5   1  -4.36819655395E-03
   3   5   1   4.36819644082E-03
   4   5   1   2.45158689393E-04
   5   5   1  -5.26365904200E-03
   6   5   1   5.26365956012E-03
   1   6   1  -4.10062703342E-03
   2   6   1   6.18656604826E-03
   3   6   1   7.08668808566E-10
   4   6   1  -6.18656586095E-03
   5   6   1   4.10062632475E-03
   6   6   1  -1.87311256156E-10
   2   1   2   2
   1   1   1   4.81867632216E-20
   2   1   1  -6.64523087296E-03
   3   1   1   4.20379748765E-03
   4   1   1   0.00000000000E+00
   5   1   1  -4.20379748765E-03
   6   1   1   6.64523087296E-03
   1   2   1  -7.97782476185E-03
   2   2   1   7.97782476185E-03
   3   2   1   1.55129444444E-03
   4   2   1  -3.78691857194E-03
   5   2   1   3.78691857194E-03
   6   2   1  -1.55129444444E-03
   1   3   1   4.56848415431E-03
   2   3   1  -3.84721489985E-19
   3   3   1  -4.56848415431E-03
   4   3   1   4.67359246083E-03
   5   3   1   3.33878566626E-19
   6   3   1  -4.67359246083E-03
   1   4   1   3.73929444444E-04
   2   4   1  -4.24202190527E-03
   3   4   1   4.24202190527E-03
   4   4   1  -3.73929444444E-04
   5   4   1  -4.19495634972E-03
   6   4   1   4.19495634972E-03
   1   5   1  -3.83911082098E-03
   2   5   1   3.76338579416E-03
   3   5   1  -6.44890202678E-19
   4   5   1  -3.76338579416E-03
   5   5   1   3.83911082098E-03
   6   5   1   3.76322223220E-19
   1   6   1   5.31263698408E-03
   2   6   1  -1.55129444444E-03
   3   6   1  -4.65005968305E-03
   4   6   1   4.65005968305E-03
   5   6   1   1.55129444444E-03
   6   6   1  -5.31263698408E-03
   2   2   1   1
   1   1   1   2.50844219444E-02
   2   1   1   3.75374972222E-03
   3   1   1   2.56946861111E-03
   4   1   1   1.04156997222E-02
   5   1   1   2.56946861111E-03
   6   1   1   3.75374972222E-03
   1   2   1   6.06186944444E-03
   2   2   1   6.06186944444E-03
   3   2   1   1.30880544444E-02
   4   2   1   2.88743777778E-03
   5   2   1   2.88743777778E-03
   6   2   1   1.30880544444E-02
   1   3   1   1.93781277778E-03
   2   3   1   1.57749738889E-02
   3   3   1   1.93781277778E-03
   4   3   1   2.92819888889E-03
   5   3   1   1.18330661111E-02
   6   3   1   2.92819888889E-03
   1   4   1   9.76803527778E-03
   2   4   1   3.67570194444E-03
   3   4   1   3.67570194444E-03
   4   4   1   9.76803527778E-03
   5   4   1   3.67570194444E-03
   6   4   1   3.67570194444E-03
   1   5   1   1.93781277778E-03
   2   5   1   2.92819888889E-03
   3   5   1   1.18330661111E-02
   4   5   1   2.92819888889E-03
   5   5   1   1.93781277778E-03
   6   5   1   1.57749738889E-02
   1   6   1   6.06186944444E-03
   2   6   1   1.30880544444E-02
   3   6   1   2.88743777778E-03
   4   6   1   2.88743777778E-03
   5   6   1   1.30880544444E-02
   6   6   1   6.06186944444E-03
   2   2   1   2
   1   1   1  -6.75697861111E-03
   2   1   1  -6.75697768696E-03
   3   1   1  -1.27759591977E-02
   4   1   1  -2.67035305556E-03
   5   1   1  -2.67035302449E-03
   6   1   1  -1.27759600908E-02
   1   2   1  -2.20978868615E-03
   2   2   1  -1.54794613611E-02
   3   2   1  -2.20978945678E-03
   4   2   1  -3.56211004553E-03
   5   2   1  -1.14419247467E-02
   6   2   1  -3.56210893184E-03
   1   3   1  -9.48049090162E-03
   2   3   1  -3.87497441728E-03
   3   3   1  -3.87497352410E-03
   4   3   1  -9.48048947862E-03
   5   3   1  -3.87598524912E-03
   6   3   1  -3.87598577895E-03
   1   4   1  -2.24572472222E-03
   2   4   1  -2.97081861209E-03
   3   4   1  -1.13170588237E-02
   4   4   1  -2.97081805556E-03
   5   4   1  -2.24572562072E-03
   6   4   1  -1.42775558324E-02
   1   5   1  -5.67346632060E-03
   2   5   1  -1.21343453322E-02
   3   5   1  -3.12598030643E-03
   4   5   1  -3.12597996583E-03
   5   5   1  -1.21343453648E-02
   6   5   1  -5.67346669383E-03
   1   6   1  -2.29596707583E-02
   2   6   1  -3.69887551261E-03
   3   6   1  -3.01742303105E-03
   4   6   1  -1.01813327322E-02
   5   6   1  -3.01742165433E-03
   6   6   1  -3.69887641666E-03
   2   2   2   1
   1   1   1  -6.75697861111E-03
   2   1   1  -1.27759600908E-02
   3   1   1  -2.67035302449E-03
   4   1   1  -2.67035305556E-03
   5   1   1  -1.27759591977E-02
   6   1   1  -6.75697768696E-03
   1   2   1  -2.29596707583E-02
   2   2   1  -3.69887641666E-03
   3   2   1  -3.01742165433E-03
   4   2   1  -1.01813327322E-02
   5   2   1  -3.01742303105E-03
   6   2   1  -3.69887551261E-03
   1   3   1  -5.67346632060E-03
   2   3   1  -5.67346669383E-03
   3   3   1  -1.21343453648E-02
   4   3   1  -3.12597996583E-03
   5   3   1  -3.12598030643E-03
   6   3   1  -1.21343453322E-02
   1   4   1  -2.24572472222E-03
   2   4   1  -1.42775558324E-02
   3   4   1  -2.24572562072E-03
   4   4   1  -2.97081805556E-03
   5   4   1  -1.13170588237E-02
   6   4   1  -2.97081861209E-03
   1   5   1  -9.48049090162E-03
   2   5   1  -3.87598577895E-03
   3   5   1  -3.87598524912E-03
   4   5   1  -9.48048947862E-03
   5   5   1  -3.87497352410E-03
   6   5   1  -3.87497441728E-03
   1   6   1  -2.20978868615E-03
   2   6   1  -3.56210893184E-03
   3   6   1  -1.14419247467E-02
   4   6   1  -3.56211004553E-03
   5   6   1  -2.20978945678E-03
   6   6   1  -1.54794613611E-02
   2   2   2   2
   1   1   1   2.50844219444E-02
   2   1   1   3.75374972222E-03
   3   1   1   2.56946861111E-03
   4   1   1   1.04156997222E-02
   5   1   1   2.56946861111E-03
   6   1   1   3.75374972222E-03
   1   2   1   6.06186944444E-03
   2   2   1   6.06186944444E-03
   3   2   1   1.30880544444E-02
   4   2   1   2.88743777778E-03
   5   2   1   2.88743777778E-03
   6   2   1   1.30880544444E-02
   1   3   1   1.93781277778E-03
   2   3   1   1.57749738889E-02
   3   3   1   1.93781277778E-03
   4   3   1   2.92819888889E-03
   5   3   1   1.18330661111E-02
   6   3   1   2.92819888889E-03
   1   4   1   9.76803527778E-03
   2   4   1   3.67570194444E-03
   3   4   1   3.67570194444E-03
   4   4   1   9.76803527778E-03
   5   4   1   3.67570194444E-03
   6   4   1   3.67570194444E-03
   1   5   1   1.93781277778E-03
   2   5   1   2.92819888889E-03
   3   5   1   1.18330661111E-02
   4   5   1   2.92819888889E-03
   5   5   1   1.93781277778E-03
   6   5   1   1.57749738889E-02
   1   6   1   6.06186944444E-03
   2   6   1   1.30880544444E-02
   3   6   1   2.88743777778E-03
   4   6   1   2.88743777778E-03
   5   6   1   1.30880544444E-02
   6   6   1   6.06186944444E-03
   2   3   1   1
   1   1   1   0.00000000000E+00
   2   1   1   0.00000000000E+00
   3   1   1   0.00000000000E+00
   4   1   1   0.00000000000E+00
   5   1   1   0.00000000000E+00
   6   1   1   0.00000000000E+00
   1   2   1   0.00000000000E+00
   2   2   1   0.00000000000E+00
   3   2   1   0.00000000000E+00
   4   2   1   0.00000000000E+00
   5   2   1   0.00000000000E+00
   6   2   1   0.00000000000E+00
   1   3   1   0.00000000000E+00
   2   3   1   0.00000000000E+00
   3   3   1   0.00000000000E+00
   4   3   1   0.00000000000E+00
   5   3   1   0.00000000000E+00
   6   3   1   0.00000000000E+00
   1   4   1   0.00000000000E+00
   2   4   1   0.00000000000E+00
   3   4   1   0.00000000000E+00
   4   4   1   0.00000000000E+00
   5   4   1   0.00000000000E+00
   6   4   1   0.00000000000E+00
   1   5   1   0.00000000000E+00
   2   5   1   0.00000000000E+00
   3   5   1   0.00000000000E+00
   4   5   1   0.00000000000E+00
   5   5   1   0.00000000000E+00
   6   5   1   0.00000000000E+00
   1   6   1   0.00000000000E+00
   2   6   1   0.00000000000E+00
   3   6   1   0.00000000000E+00
   4   6   1   0.00000000000E+00
   5   6   1   0.00000000000E+00
   6   6   1   0.00000000000E+00
   2   3   1   2
   1   1   1   0.00000000000E+00
   2   1   1   0.00000000000E+00
   3   1   1   0.00000000000E+00
   4   1   1   0.00000000000E+00
   5   1   1   0.00000000000E+00
   6   1   1   0.00000000000E+00
   1   2   1   0.00000000000E+00
   2   2   1   0.00000000000E+00
   3   2   1   0.00000000000E+00
   4   2   1   0.00000000000E+00
   5   2   1   0.00000000000E+00
   6   2   1   0.00000000000E+00
   1   3   1   0.00000000000E+00
   2   3   1   0.00000000000E+00
   3   3   1   0.00000000000E+00
   4   3   1   0.00000000000E+00
   5   3   1   0.00000000000E+00
   6   3   1   0.00000000000E+00
   1   4   1   0.00000000000E+00
   2   4   1   0.00000000000E+00
   3   4   1   0.00000000000E+00
   4   4   1   0.00000000000E+00
   5   4   1   0.00000000000E+00
   6   4   1   0.00000000000E+00
   1   5   1   0.00000000000E+00
   2   5   1   0.00000000000E+00
   3   5   1   0.00000000000E+00
   4   5   1   0.00000000000E+00
   5   5   1   0.00000000000E+00
   6   5   1   0.00000000000E+00
   1   6   1   0.00000000000E+00
   2   6   1   0.00000000000E+00
   3   6   1   0.00000000000E+00
   4   6   1   0.00000000000E+00
   5   6   1   0.00000000000E+00
   6   6   1   0.00000000000E+00
   2   3   2   1
   1   1   1   0.00000000000E+00
   2   1   1   0.00000000000E+00
   3   1   1   0.00000000000E+00
   4   1   1   0.00000000000E+00
   5   1   1   0.00000000000E+00
   6   1   1   0.00000000000E+00
   1   2   1   0.00000000000E+00
   2   2   1   0.00000000000E+00
   3   2   1   0.00000000000E+00
   4   2   1   0.00000000000E+00
   5   2   1   0.00000000000E+00
   6   2   1   0.00000000000E+00
   1   3   1   0.00000000000E+00
   2   3   1   0.00000000000E+00
   3   3   1   0.00000000000E+00
   4   3   1   0.00000000000E+00
   5   3   1   0.00000000000E+00
   6   3   1   0.00000000000E+00
   1   4   1   0.00000000000E+00
   2   4   1   0.00000000000E+00
   3   4   1   0.00000000000E+00
   4   4   1   0.00000000000E+00
   5   4   1   0.00000000000E+00
   6   4   1   0.00000000000E+00
   1   5   1   0.00000000000E+00
   2   5   1   0.00000000000E+00
   3   5   1   0.00000000000E+00
   4   5   1   0.00000000000E+00
   5   5   1   0.00000000000E+00
   6   5   1   0.00000000000E+00
   1   6   1   0.00000000000E+00
   2   6   1   0.00000000000E+00
   3   6   1   0.00000000000E+00
   4   6   1   0.00000000000E+00
   5   6   1   0.00000000000E+00
   6   6   1   0.00000000000E+00
   2   3   2   2
   1   1   1   0.00000000000E+00
   2   1   1   0.00000000000E+00
   3   1   1   0.00000000000E+00
   4   1   1   0.00000000000E+00
   5   1   1   0.00000000000E+00
   6   1   1   0.00000000000E+00
   1   2   1   0.00000000000E+00
   2   2   1   0.00000000000E+00
   3   2   1   0.00000000000E+00
   4   2   1   0.00000000000E+00
   5   2   1   0.00000000000E+00
   6   2   1   0.00000000000E+00
   1   3   1   0.00000000000E+00
   2   3   1   0.00000000000E+00
   3   3   1   0.00000000000E+00
   4   3   1   0.00000000000E+00
   5   3   1   0.00000000000E+00
   6   3   1   0.00000000000E+00
   1   4   1   0.00000000000E+00
   2   4   1   0.00000000000E+00
   3   4   1   0.00000000000E+00
   4   4   1   0.00000000000E+00
   5   4   1   0.00000000000E+00
   6   4   1   0.00000000000E+00
   1   5   1   0.00000000000E+00
   2   5   1   0.00000000000E+00
   3   5   1   0.00000000000E+00
   4   5   1   0.00000000000E+00
   5   5   1   0.00000000000E+00
   6   5   1   0.00000000000E+00
   1   6   1   0.00000000000E+00
   2   6   1   0.00000000000E+00
   3   6   1   0.00000000000E+00
   4   6   1   0.00000000000E+00
   5   6   1   0.00000000000E+00
   6   6   1   0.00000000000E+00
   3   1   1   1
   1   1   1   0.00000000000E+00
   2   1   1   0.00000000000E+00
   3   1   1   0.00000000000E+00
   4   1   1   0.00000000000E+00
   5   1   1   0.00000000000E+00
   6   1   1   0.00000000000E+00
   1   2   1   0.00000000000E+00
   2   2   1   0.00000000000E+00
   3   2   1   0.00000000000E+00
   4   2   1   0.00000000000E+00
   5   2   1   0.00000000000E+00
   6   2   1   0.00000000000E+00
   1   3   1   0.00000000000E+00
   2   3   1   0.00000000000E+00
   3   3   1   0.00000000000E+00
   4   3   1   0.00000000000E+00
   5   3   1   0.00000000000E+00
   6   3   1   0.00000000000E+00
   1   4   1   0.00000000000E+00
   2   4   1   0.00000000000E+00
   3   4   1   0.00000000000E+00
   4   4   1   0.00000000000E+00
   5   4   1   0.00000000000E+00
   6   4   1   0.00000000000E+00
   1   5   1   0.00000000000E+00
   2   5   1   0.00000000000E+00
   3   5   1   0.00000000000E+00
   4   5   1   0.00000000000E+00
   5   5   1   0.00000000000E+00
   6   5   1   0.00000000000E+00
   1   6   1   0.00000000000E+00
   2   6   1   0.00000000000E+00
   3   6   1   0.00000000000E+00
   4   6   1   0.00000000000E+00
   5   6   1   0.00000000000E+00
   6   6   1   0.00000000000E+00
   3   1   1   2
   1   1   1   0.00000000000E+00
   2   1   1   0.00000000000E+00
   3   1   1   0.00000000000E+00
   4   1   1   0.00000000000E+00
   5   1   1   0.00000000000E+00
   6   1   1   0.00000000000E+00
   1   2   1   0.00000000000E+00
   2   2   1   0.00000000000E+00
   3   2   1   0.00000000000E+00
   4   2   1   0.00000000000E+00
   5   2   1   0.00000000000E+00
   6   2   1   0.00000000000E+00
   1   3   1   0.00000000000E+00
   2   3   1   0.00000000000E+00
   3   3   1   0.00000000000E+00
   4   3   1   0.00000000000E+00
   5   3   1   0.00000000000E+00
   6   3   1   0.00000000000E+00
   1   4   1   0.00000000000E+00
   2   4   1   0.00000000000E+00
   3   4   1   0.00000000000E+00
   4   4   1   0.00000000000E+00
   5   4   1   0.00000000000E+00
   6   4   1   0.00000000000E+00
   1   5   1   0.00000000000E+00
   2   5   1   0.00000000000E+00
   3   5   1   0.00000000000E+00
   4   5   1   0.00000000000E+00
   5   5   1   0.00000000000E+00
   6   5   1   0.00000000000E+00
   1   6   1   0.00000000000E+00
   2   6   1   0.00000000000E+00
   3   6   1   0.00000000000E+00
   4   6   1   0.00000000000E+00
   5   6   1   0.00000000000E+00
   6   6   1   0.00000000000E+00
   3   1   2   1
   1   1   1   0.00000000000E+00
   2   1   1   0.00000000000E+00
   3   1   1   0.00000000000E+00
   4   1   1   0.00000000000E+00
   5   1   1   0.00000000000E+00
   6   1   1   0.00000000000E+00
   1   2   1   0.00000000000E+00
   2   2   1   0.00000000000E+00
   3   2   1   0.00000000000E+00
   4   2   1   0.00000000000E+00
   5   2   1   0.00000000000E+00
   6   2   1   0.00000000000E+00
   1   3   1   0.00000000000E+00
   2   3   1   0.00000000000E+00
   3   3   1   0.00000000000E+00
   4   3   1   0.00000000000E+00
   5   3   1   0.00000000000E+00
   6   3   1   0.00000000000E+00
   1   4   1   0.00000000000E+00
   2   4   1   0.00000000000E+00
   3   4   1   0.00000000000E+00
   4   4   1   0.00000000000E+00
   5   4   1   0.00000000000E+00
   6   4   1   0.00000000000E+00
   1   5   1   0.00000000000E+00
   2   5   1   0.00000000000E+00
   3   5   1   0.00000000000E+00
   4   5   1   0.00000000000E+00
   5   5   1   0.00000000000E+00
   6   5   1   0.00000000000E+00
   1   6   1   0.00000000000E+00
   2   6   1   0.00000000000E+00
   3   6   1   0.00000000000E+00
   4   6   1   0.00000000000E+00
   5   6   1   0.00000000000E+00
   6   6   1   0.00000000000E+00
   3   1   2   2
   1   1   1   0.00000000000E+00
   2   1   1   0.00000000000E+00
   3   1   1   0.00000000000E+00
   4   1   1   0.00000000000E+00
   5   1   1   0.00000000000E+00
   6   1   1   0.00000000000E+00
   1   2   1   0.00000000000E+00
   2   2   1   0.00000000000E+00
   3   2   1   0.00000000000E+00
   4   2   1   0.00000000000E+00
   5   2   1   0.00000000000E+00
   6   2   1   0.00000000000E+00
   1   3   1   0.00000000000E+00
   2   3   1   0.00000000000E+00
   3   3   1   0.00000000000E+00
   4   3   1   0.00000000000E+00
   5   3   1   0.00000000000E+00
   6   3   1   0.00000000000E+00
   1   4   1   0.00000000000E+00
   2   4   1   0.00000000000E+00
   3   4   1   0.00000000000E+00
   4   4   1   0.00000000000E+00
   5   4   1   0.00000000000E+00
   6   4   1   0.00000000000E+00
   1   5   1   0.00000000000E+00
   2   5   1   0.00000000000E+00
   3   5   1   0.00000000000E+00
   4   5   1   0.00000000000E+00
   5   5   1   0.00000000000E+00
   6   5   1   0.00000000000E+00
   1   6   1   0.00000000000E+00
   2   6   1   0.00000000000E+00
   3   6   1   0.00000000000E+00
   4   6   1   0.00000000000E+00
   5   6   1   0.00000000000E+00
   6   6   1   0.00000000000E+00
   3   2   1   1
   1   1   1   0.00000000000E+00
   2   1   1   0.00000000000E+00
   3   1   1   0.00000000000E+00
   4   1   1   0.00000000000E+00
   5   1   1   0.00000000000E+00
   6   1   1   0.00000000000E+00
   1   2   1   0.00000000000E+00
   2   2   1   0.00000000000E+00
   3   2   1   0.00000000000E+00
   4   2   1   0.00000000000E+00
   5   2   1   0.00000000000E+00
   6   2   1   0.00000000000E+00
   1   3   1   0.00000000000E+00
   2   3   1   0.00000000000E+00
   3   3   1   0.00000000000E+00
   4   3   1   0.00000000000E+00
   5   3   1   0.00000000000E+00
   6   3   1   0.00000000000E+00
   1   4   1   0.00000000000E+00
   2   4   1   0.00000000000E+00
   3   4   1   0.00000000000E+00
   4   4   1   0.00000000000E+00
   5   4   1   0.00000000000E+00
   6   4   1   0.00000000000E+00
   1   5   1   0.00000000000E+00
   2   5   1   0.00000000000E+00
   3   5   1   0.00000000000E+00
   4   5   1   0.00000000000E+00
   5   5   1   0.00000000000E+00
   6   5   1   0.00000000000E+00
   1   6   1   0.00000000000E+00
   2   6   1   0.00000000000E+00
   3   6   1   0.00000000000E+00
   4   6   1   0.00000000000E+00
   5   6   1   0.00000000000E+00
   6   6   1   0.00000000000E+00
   3   2   1   2
   1   1   1   0.00000000000E+00
   2   1   1   0.00000000000E+00
   3   1   1   0.00000000000E+00
   4   1   1   0.00000000000E+00
   5   1   1   0.00000000000E+00
   6   1   1   0.00000000000E+00
   1   2   1   0.00000000000E+00
   2   2   1   0.00000000000E+00
   3   2   1   0.00000000000E+00
   4   2   1   0.00000000000E+00
   5   2   1   0.00000000000E+00
   6   2   1   0.00000000000E+00
   1   3   1   0.00000000000E+00
   2   3   1   0.00000000000E+00
   3   3   1   0.00000000000E+00
   4   3   1   0.00000000000E+00
   5   3   1   0.00000000000E+00
   6   3   1   0.00000000000E+00
   1   4   1   0.00000000000E+00
   2   4   1   0.00000000000E+00
   3   4   1   0.00000000000E+00
   4   4   1   0.00000000000E+00
   5   4   1   0.00000000000E+00
   6   4   1   0.00000000000E+00
   1   5   1   0.00000000000E+00
   2   5   1   0.00000000000E+00
   3   5   1   0.00000000000E+00
   4   5   1   0.00000000000E+00
   5   5   1   0.00000000000E+00
   6   5   1   0.00000000000E+00
   1   6   1   0.00000000000E+00
   2   6   1   0.00000000000E+00
   3   6   1   0.00000000000E+00
   4   6   1   0.00000000000E+00
   5   6   1   0.00000000000E+00
   6   6   1   0.00000000000E+00
   3   2   2   1
   1   1   1   0.00000000000E+00
   2   1   1   0.00000000000E+00
   3   1   1   0.00000000000E+00
   4   1   1   0.00000000000E+00
   5   1   1   0.00000000000E+00
   6   1   1   0.00000000000E+00
   1   2   1   0.00000000000E+00
   2   2   1   0.00000000000E+00
   3   2   1   0.00000000000E+00
   4   2   1   0.00000000000E+00
   5   2   1   0.00000000000E+00
   6   2   1   0.00000000000E+00
   1   3   1   0.00000000000E+00
   2   3   1   0.00000000000E+00
   3   3   1   0.00000000000E+00
   4   3   1   0.00000000000E+00
   5   3   1   0.00000000000E+00
   6   3   1   0.00000000000E+00
   1   4   1   0.00000000000E+00
   2   4   1   0.00000000000E+00
   3   4   1   0.00000000000E+00
   4   4   1   0.00000000000E+00
   5   4   1   0.00000000000E+00
   6   4   1   0.00000000000E+00
   1   5   1   0.00000000000E+00
   2   5   1   0.00000000000E+00
   3   5   1   0.00000000000E+00
   4   5   1   0.00000000000E+00
   5   5   1   0.00000000000E+00
   6   5   1   0.00000000000E+00
   1   6   1   0.00000000000E+00
   2   6   1   0.00000000000E+00
   3   6   1   0.00000000000E+00
   4   6   1   0.00000000000E+00
   5   6   1   0.00000000000E+00
   6   6   1   0.00000000000E+00
   3   2   2   2
   1   1   1   0.00000000000E+00
   2   1   1   0.00000000000E+00
   3   1   1   0.00000000000E+00
   4   1   1   0.00000000000E+00
   5   1   1   0.00000000000E+00
   6   1   1   0.00000000000E+00
   1   2   1   0.00000000000E+00
   2   2   1   0.00000000000E+00
   3   2   1   0.00000000000E+00
   4   2   1   0.00000000000E+00
   5   2   1   0.00000000000E+00
   6   2   1   0.00000000000E+00
   1   3   1   0.00000000000E+00
   2   3   1   0.00000000000E+00
   3   3   1   0.00000000000E+00
   4   3   1   0.00000000000E+00
   5   3   1   0.00000000000E+00
   6   3   1   0.00000000000E+00
   1   4   1   0.00000000000E+00
   2   4   1   0.00000000000E+00
   3   4   1   0.00000000000E+00
   4   4   1   0.00000000000E+00
   5   4   1   0.00000000000E+00
   6   4   1   0.00000000000E+00
   1   5   1   0.00000000000E+00
   2   5   1   0.00000000000E+00
   3   5   1   0.00000000000E+00
   4   5   1   0.00000000000E+00
   5   5   1   0.00000000000E+00
   6   5   1   0.00000000000E+00
   1   6   1   0.00000000000E+00
   2   6   1   0.00000000000E+00
   3   6   1   0.00000000000E+00
   4   6   1   0.00000000000E+00
   5   6   1   0.00000000000E+00
   6   6   1   0.00000000000E+00
   3   3   1   1
   1   1   1   6.24750000000E-06
   2   1   1  -2.83055555556E-06
   3   1   1  -1.80833333333E-06
   4   1   1   3.92194444444E-06
   5   1   1  -1.80833333333E-06
   6   1   1  -2.83055555556E-06
   1   2   1  -2.83055555556E-06
   2   2   1  -2.83055555556E-06
   3   2   1   4.57111111111E-06
   4   2   1  -2.17888888889E-06
   5   2   1  -2.17888888889E-06
   6   2   1   4.57111111111E-06
   1   3   1  -1.80833333333E-06
   2   3   1   4.57111111111E-06
   3   3   1  -1.80833333333E-06
   4   3   1  -2.17888888889E-06
   5   3   1   4.29000000000E-06
   6   3   1  -2.17888888889E-06
   1   4   1   3.92194444444E-06
   2   4   1  -2.17888888889E-06
   3   4   1  -2.17888888889E-06
   4   4   1   3.92194444444E-06
   5   4   1  -2.17888888889E-06
   6   4   1  -2.17888888889E-06
   1   5   1  -1.80833333333E-06
   2   5   1  -2.17888888889E-06
   3   5   1   4.29000000000E-06
   4   5   1  -2.17888888889E-06
   5   5   1  -1.80833333333E-06
   6   5   1   4.57111111111E-06
   1   6   1  -2.83055555556E-06
   2   6   1   4.57111111111E-06
   3   6   1  -2.17888888889E-06
   4   6   1  -2.17888888889E-06
   5   6   1   4.57111111111E-06
   6   6   1  -2.83055555556E-06
   3   3   1   2
   1   1   1  -1.43888888889E-07
   2   1   1  -1.43056987438E-07
   3   1   1  -1.96711513947E-07
   4   1   1  -1.83333333333E-08
   5   1   1  -1.77329304978E-08
   6   1   1  -1.96943012562E-07
   1   2   1  -1.96943012562E-07
   2   2   1   4.86666666667E-07
   3   2   1  -1.96109679229E-07
   4   2   1   4.13098970953E-07
   5   2   1  -1.95276345896E-07
   6   2   1   4.13563400067E-07
   1   3   1  -1.77329304978E-08
   2   3   1  -1.42223654104E-07
   3   3   1  -1.42222222222E-07
   4   3   1  -1.83333333333E-08
   5   3   1  -1.95878180613E-07
   6   3   1  -1.95276345896E-07
   1   4   1  -1.83333333333E-08
   2   4   1   1.80234362380E-07
   3   4   1  -1.83333333333E-08
   4   4   1   1.81666666667E-07
   5   4   1  -1.83333333333E-08
   6   4   1   4.13098970953E-07
   1   5   1  -1.96711513947E-07
   2   5   1  -1.41390320771E-07
   3   5   1  -1.68995971645E-08
   4   5   1  -1.83333333333E-08
   5   5   1  -1.42222222222E-07
   6   5   1  -1.96109679229E-07
   1   6   1  -1.43056987438E-07
   2   6   1   4.84769933267E-07
   3   6   1  -1.41390320771E-07
   4   6   1   1.80234362380E-07
   5   6   1  -1.42223654104E-07
   6   6   1   4.86666666667E-07
   3   3   2   1
   1   1   1  -1.43888888889E-07
   2   1   1  -1.96943012562E-07
   3   1   1  -1.77329304978E-08
   4   1   1  -1.83333333333E-08
   5   1   1  -1.96711513947E-07
   6   1   1  -1.43056987438E-07
   1   2   1  -1.43056987438E-07
   2   2   1   4.86666666667E-07
   3   2   1  -1.42223654104E-07
   4   2   1   1.80234362380E-07
   5   2   1  -1.41390320771E-07
   6   2   1   4.84769933267E-07
   1   3   1  -1.96711513947E-07
   2   3   1  -1.96109679229E-07
   3   3   1  -1.42222222222E-07
   4   3   1  -1.83333333333E-08
   5   3   1  -1.68995971645E-08
   6   3   1  -1.41390320771E-07
   1   4   1  -1.83333333333E-08
   2   4   1   4.13098970953E-07
   3   4   1  -1.83333333333E-08
   4   4   1   1.81666666667E-07
   5   4   1  -1.83333333333E-08
   6   4   1   1.80234362380E-07
   1   5   1  -1.77329304978E-08
   2   5   1  -1.95276345896E-07
   3   5   1  -1.95878180613E-07
   4   5   1  -1.83333333333E-08
   5   5   1  -1.42222222222E-07
   6   5   1  -1.42223654104E-07
   1   6   1  -1.96943012562E-07
   2   6   1   4.13563400067E-07
   3   6   1  -1.95276345896E-07
   4   6   1   4.13098970953E-07
   5   6   1  -1.96109679229E-07
   6   6   1   4.86666666667E-07
   3   3   2   2
   1   1   1   6.24750000000E-06
   2   1   1  -2.83055555556E-06
   3   1   1  -1.80833333333E-06
   4   1   1   3.92194444444E-06
   5   1   1  -1.80833333333E-06
   6   1   1  -2.83055555556E-06
   1   2   1  -2.83055555556E-06
   2   2   1  -2.83055555556E-06
   3   2   1   4.57111111111E-06
   4   2   1  -2.17888888889E-06
   5   2   1  -2.17888888889E-06
   6   2   1   4.57111111111E-06
   1   3   1  -1.80833333333E-06
   2   3   1   4.57111111111E-06
   3   3   1  -1.80833333333E-06
   4   3   1  -2.17888888889E-06
   5   3   1   4.29000000000E-06
   6   3   1  -2.17888888889E-06
   1   4   1   3.92194444444E-06
   2   4   1  -2.17888888889E-06
   3   4   1  -2.17888888889E-06
   4   4   1   3.92194444444E-06
   5   4   1  -2.17888888889E-06
   6   4   1  -2.17888888889E-06
   1   5   1  -1.80833333333E-06
   2   5   1  -2.17888888889E-06
   3   5   1   4.29000000000E-06
   4   5   1  -2.17888888889E-06
   5   5   1  -1.80833333333E-06
   6   5   1   4.57111111111E-06
   1   6   1  -2.83055555556E-06
   2   6   1   4.57111111111E-06
   3   6   1  -2.17888888889E-06
   4   6   1  -2.17888888889E-06
   5   6   1   4.57111111111E-06
   6   6   1  -2.83055555556E-06
