  0.200000000000000      -0.317338017766232        1.60564536681337     
   6   6   1
   1   1   1   1
   1   1   1   1.50392350556E-01
   2   1   1   3.26651558333E-02
   3   1   1   1.65979472222E-03
   4   1   1  -6.30508333333E-04
   5   1   1   1.65979472222E-03
   6   1   1   3.26651558333E-02
   1   2   1   1.25046744444E-02
   2   2   1   1.25046744444E-02
   3   2   1   1.13825269444E-02
   4   2   1   2.14010444444E-03
   5   2   1   2.14010444444E-03
   6   2   1   1.13825269444E-02
   1   3   1   1.26537055556E-03
   2   3   1   1.47983416667E-03
   3   3   1   1.26537055556E-03
   4   3   1   1.95409833333E-03
   5   3   1   5.91436388889E-04
   6   3   1   1.95409833333E-03
   1   4   1   6.26327777778E-05
   2   4   1   4.99515277778E-04
   3   4   1   4.99515277778E-04
   4   4   1   6.26327777778E-05
   5   4   1   4.99515277778E-04
   6   4   1   4.99515277778E-04
   1   5   1   1.26537055556E-03
   2   5   1   1.95409833333E-03
   3   5   1   5.91436388889E-04
   4   5   1   1.95409833333E-03
   5   5   1   1.26537055556E-03
   6   5   1   1.47983416667E-03
   1   6   1   1.25046744444E-02
   2   6   1   1.13825269444E-02
   3   6   1   2.14010444444E-03
   4   6   1   2.14010444444E-03
   5   6   1   1.13825269444E-02
   6   6   1   1.25046744444E-02
   1   1   1   2
   1   1   1  -9.28650277778E-02
   2   1   1  -9.28650278570E-02
   3   1   1  -1.24455779152E-02
   4   1   1  -6.67666666667E-05
   5   1   1  -6.67676403420E-05
   6   1   1  -1.24455788097E-02
   1   2   1  -1.88463036627E-02
   2   2   1   4.79492866465E-03
   3   2   1  -1.88463037875E-02
   4   2   1  -7.64678174514E-03
   5   2   1  -2.09302392797E-03
   6   2   1  -7.64678070420E-03
   1   3   1  -1.40220893050E-03
   2   3   1  -9.78541656619E-04
   3   3   1  -9.78543247787E-04
   4   3   1  -1.40221009643E-03
   5   3   1  -1.48185381344E-03
   6   3   1  -1.48185423868E-03
   1   4   1  -3.89296666667E-04
   2   4   1  -4.54648997145E-04
   3   4   1  -7.53901815289E-05
   4   4   1  -4.54650000000E-04
   5   4   1  -3.89296485138E-04
   6   4   1  -6.34007669521E-04
   1   5   1  -1.84898662506E-03
   2   5   1  -1.85678742799E-03
   3   5   1  -6.89206742117E-04
   4   5   1  -6.89206570239E-04
   5   5   1  -1.85678730777E-03
   6   5   1  -1.84898667671E-03
   1   6   1  -6.30895300394E-03
   2   6   1  -1.45429842958E-02
   3   6   1  -4.71835107203E-03
   4   6   1  -9.94331588189E-04
   5   6   1  -4.71835121255E-03
   6   6   1  -1.45429836647E-02
   1   1   2   1
   1   1   1  -9.28650277778E-02
   2   1   1  -1.24455788097E-02
   3   1   1  -6.67676403420E-05
   4   1   1  -6.67666666667E-05
   5   1   1  -1.24455779152E-02
   6   1   1  -9.28650278570E-02
   1   2   1  -6.30895300394E-03
   2   2   1  -1.45429836647E-02
   3   2   1  -4.71835121255E-03
   4   2   1  -9.94331588189E-04
   5   2   1  -4.71835107203E-03
   6   2   1  -1.45429842958E-02
   1   3   1  -1.84898662506E-03
   2   3   1  -1.84898667671E-03
   3   3   1  -1.85678730777E-03
   4   3   1  -6.89206570239E-04
   5   3   1  -6.89206742117E-04
   6   3   1  -1.85678742799E-03
   1   4   1  -3.89296666667E-04
   2   4   1  -6.34007669521E-04
   3   4   1  -3.89296485138E-04
   4   4   1  -4.54650000000E-04
   5   4   1  -7.53901815289E-05
   6   4   1  -4.54648997145E-04
   1   5   1  -1.40220893050E-03
   2   5   1  -1.48185423868E-03
   3   5   1  -1.48185381344E-03
   4   5   1  -1.40221009643E-03
   5   5   1  -9.78543247787E-04
   6   5   1  -9.78541656619E-04
   1   6   1  -1.88463036627E-02
   2   6   1  -7.64678070420E-03
   3   6   1  -2.09302392797E-03
   4   6   1  -7.64678174514E-03
   5   6   1  -1.88463037875E-02
   6   6   1   4.79492866465E-03
   1   1   2   2
   1   1   1   1.50392350556E-01
   2   1   1   3.26651558333E-02
   3   1   1   1.65979472222E-03
   4   1   1  -6.30508333333E-04
   5   1   1   1.65979472222E-03
   6   1   1   3.26651558333E-02
   1   2   1   1.25046744444E-02
   2   2   1   1.25046744444E-02
   3   2   1   1.13825269444E-02
   4   2   1   2.14010444444E-03
   5   2   1   2.14010444444E-03
   6   2   1   1.13825269444E-02
   1   3   1   1.26537055556E-03
   2   3   1   1.47983416667E-03
   3   3   1   1.26537055556E-03
   4   3   1   1.95409833333E-03
   5   3   1   5.91436388889E-04
   6   3   1   1.95409833333E-03
   1   4   1   6.26327777778E-05
   2   4   1   4.99515277778E-04
   3   4   1   4.99515277778E-04
   4   4   1   6.26327777778E-05
   5   4   1   4.99515277778E-04
   6   4   1   4.99515277778E-04
   1   5   1   1.26537055556E-03
   2   5   1   1.95409833333E-03
   3   5   1   5.91436388889E-04
   4   5   1   1.95409833333E-03
   5   5   1   1.26537055556E-03
   6   5   1   1.47983416667E-03
   1   6   1   1.25046744444E-02
   2   6   1   1.13825269444E-02
   3   6   1   2.14010444444E-03
   4   6   1   2.14010444444E-03
   5   6   1   1.13825269444E-02
   6   6   1   1.25046744444E-02
   1   2   1   1
   1   1   1   0.00000000000E+00
   2   1   1  -1.72183709641E-02
   3   1   1  -1.03106097823E-03
   4   1   1   0.00000000000E+00
   5   1   1   1.03106097823E-03
   6   1   1   1.72183709641E-02
   1   2   1  -2.88580292974E-02
   2   2   1   2.88580292974E-02
   3   2   1   5.71732333333E-03
   4   2   1   5.50472648349E-04
   5   2   1  -5.50472648349E-04
   6   2   1  -5.71732333333E-03
   1   3   1  -1.25878264490E-03
   2   3   1   6.59993866574E-19
   3   3   1   1.25878264490E-03
   4   3   1   1.23652735165E-03
   5   3   1   2.98788967843E-19
   6   3   1  -1.23652735165E-03
   1   4   1   4.00185000000E-04
   2   4   1  -3.96722351651E-04
   3   4   1   3.96722351651E-04
   4   4   1  -4.00185000000E-04
   5   4   1  -1.81942351651E-04
   6   4   1   1.81942351651E-04
   1   5   1   8.03339311566E-04
   2   5   1  -6.57862648349E-04
   3   5   1   7.65151857349E-21
   4   5   1   6.57862648349E-04
   5   5   1  -8.03339311566E-04
   6   5   1  -3.59514231212E-19
   1   6   1   5.57871263073E-03
   2   6   1  -5.71732333333E-03
   3   6   1  -1.12913735165E-03
   4   6   1   1.12913735165E-03
   5   6   1   5.71732333333E-03
   6   6   1  -5.57871263073E-03
   1   2   1   2
   1   1   1   4.99731733333E-02
   2   1   1  -4.99731736471E-02
   3   1   1  -9.81340460708E-03
   4   1   1  -5.84805555556E-04
   5   1   1   5.84804607083E-04
   6   1   1   9.81340586936E-03
   1   2   1   6.11794502562E-03
   2   2   1   8.64909355255E-11
   3   2   1  -6.11794503204E-03
   4   2   1  -4.04882697142E-03
   5   2   1   6.41777873392E-12
   6   2   1   4.04882688493E-03
   1   3   1  -1.86214702532E-04
   2   3   1   1.65212528843E-03
   3   3   1  -1.65212500642E-03
   4   3   1   1.86214092264E-04
   5   3   1  -3.52859857544E-04
   6   3   1   3.52860185804E-04
   1   4   1  -7.71016666667E-04
   2   4   1   3.11586492222E-04
   3   4   1  -9.50660413045E-10
   4   4   1  -3.11586666667E-04
   5   4   1   7.71017617327E-04
   6   4   1   1.74444755323E-10
   1   5   1  -3.69546029747E-03
   2   5   1   2.15918036975E-03
   3   5   1   3.54386524210E-04
   4   5   1  -3.54386870042E-04
   5   5   1  -2.15917999358E-03
   6   5   1   3.69546026713E-03
   1   6   1  -2.56212732727E-11
   2   6   1   1.11647497817E-02
   3   6   1   5.07054993582E-04
   4   6   1  -1.36190897792E-09
   5   6   1  -5.07054967961E-04
   6   6   1  -1.11647484198E-02
   1   2   2   1
   1   1   1   4.99731733333E-02
   2   1   1   9.81340586936E-03
   3   1   1   5.84804607083E-04
   4   1   1  -5.84805555556E-04
   5   1   1  -9.81340460708E-03
   6   1   1  -4.99731736471E-02
   1   2   1  -2.56212732727E-11
   2   2   1  -1.11647484198E-02
   3   2   1  -5.07054967961E-04
   4   2   1  -1.36190897792E-09
   5   2   1   5.07054993582E-04
   6   2   1   1.11647497817E-02
   1   3   1  -3.69546029747E-03
   2   3   1   3.69546026713E-03
   3   3   1  -2.15917999358E-03
   4   3   1  -3.54386870042E-04
   5   3   1   3.54386524210E-04
   6   3   1   2.15918036975E-03
   1   4   1  -7.71016666667E-04
   2   4   1   1.74444755323E-10
   3   4   1   7.71017617327E-04
   4   4   1  -3.11586666667E-04
   5   4   1  -9.50660413045E-10
   6   4   1   3.11586492222E-04
   1   5   1  -1.86214702532E-04
   2   5   1   3.52860185804E-04
   3   5   1  -3.52859857544E-04
   4   5   1   1.86214092264E-04
   5   5   1  -1.65212500642E-03
   6   5   1   1.65212528843E-03
   1   6   1   6.11794502562E-03
   2   6   1   4.04882688493E-03
   3   6   1   6.41777873392E-12
   4   6   1  -4.04882697142E-03
   5   6   1  -6.11794503204E-03
   6   6   1   8.64909355255E-11
   1   2   2   2
   1   1   1   0.00000000000E+00
   2   1   1   1.72183709641E-02
   3   1   1   1.03106097823E-03
   4   1   1   0.00000000000E+00
   5   1   1  -1.03106097823E-03
   6   1   1  -1.72183709641E-02
   1   2   1   5.57871263073E-03
   2   2   1  -5.57871263073E-03
   3   2   1   5.71732333333E-03
   4   2   1   1.12913735165E-03
   5   2   1  -1.12913735165E-03
   6   2   1  -5.71732333333E-03
   1   3   1   8.03339311566E-04
   2   3   1  -3.59514231212E-19
   3   3   1  -8.03339311566E-04
   4   3   1   6.57862648349E-04
   5   3   1   7.65151857349E-21
   6   3   1  -6.57862648349E-04
   1   4   1   4.00185000000E-04
   2   4   1   1.81942351651E-04
   3   4   1  -1.81942351651E-04
   4   4   1  -4.00185000000E-04
   5   4   1   3.96722351651E-04
   6   4   1  -3.96722351651E-04
   1   5   1  -1.25878264490E-03
   2   5   1  -1.23652735165E-03
   3   5   1   2.98788967843E-19
   4   5   1   1.23652735165E-03
   5   5   1   1.25878264490E-03
   6   5   1   6.59993866574E-19
   1   6   1  -2.88580292974E-02
   2   6   1  -5.71732333333E-03
   3   6   1  -5.50472648349E-04
   4   6   1   5.50472648349E-04
   5   6   1   5.71732333333E-03
   6   6   1   2.88580292974E-02
   1   3   1   1
   1   1   1   0.00000000000E+00
   2   1   1   0.00000000000E+00
   3   1   1   0.00000000000E+00
   4   1   1   0.00000000000E+00
   5   1   1   0.00000000000E+00
   6   1   1   0.00000000000E+00
   1   2   1   0.00000000000E+00
   2   2   1   0.00000000000E+00
   3   2   1   0.00000000000E+00
   4   2   1   0.00000000000E+00
   5   2   1   0.00000000000E+00
   6   2   1   0.00000000000E+00
   1   3   1   0.00000000000E+00
   2   3   1   0.00000000000E+00
   3   3   1   0.00000000000E+00
   4   3   1   0.00000000000E+00
   5   3   1   0.00000000000E+00
   6   3   1   0.00000000000E+00
   1   4   1   0.00000000000E+00
   2   4   1   0.00000000000E+00
   3   4   1   0.00000000000E+00
   4   4   1   0.00000000000E+00
   5   4   1   0.00000000000E+00
   6   4   1   0.00000000000E+00
   1   5   1   0.00000000000E+00
   2   5   1   0.00000000000E+00
   3   5   1   0.00000000000E+00
   4   5   1   0.00000000000E+00
   5   5   1   0.00000000000E+00
   6   5   1   0.00000000000E+00
   1   6   1   0.00000000000E+00
   2   6   1   0.00000000000E+00
   3   6   1   0.00000000000E+00
   4   6   1   0.00000000000E+00
   5   6   1   0.00000000000E+00
   6   6   1   0.00000000000E+00
   1   3   1   2
   1   1   1   0.00000000000E+00
   2   1   1   0.00000000000E+00
   3   1   1   0.00000000000E+00
   4   1   1   0.00000000000E+00
   5   1   1   0.00000000000E+00
   6   1   1   0.00000000000E+00
   1   2   1   0.00000000000E+00
   2   2   1   0.00000000000E+00
   3   2   1   0.00000000000E+00
   4   2   1   0.00000000000E+00
   5   2   1   0.00000000000E+00
   6   2   1   0.00000000000E+00
   1   3   1   0.00000000000E+00
   2   3   1   0.00000000000E+00
   3   3   1   0.00000000000E+00
   4   3   1   0.00000000000E+00
   5   3   1   0.00000000000E+00
   6   3   1   0.00000000000E+00
   1   4   1   0.00000000000E+00
   2   4   1   0.00000000000E+00
   3   4   1   0.00000000000E+00
   4   4   1   0.00000000000E+00
   5   4   1   0.00000000000E+00
   6   4   1   0.00000000000E+00
   1   5   1   0.00000000000E+00
   2   5   1   0.00000000000E+00
   3   5   1   0.00000000000E+00
   4   5   1   0.00000000000E+00
   5   5   1   0.00000000000E+00
   6   5   1   0.00000000000E+00
   1   6   1   0.00000000000E+00
   2   6   1   0.00000000000E+00
   3   6   1   0.00000000000E+00
   4   6   1   0.00000000000E+00
   5   6   1   0.00000000000E+00
   6   6   1   0.00000000000E+00
   1   3   2   1
   1   1   1   0.00000000000E+00
   2   1   1   0.00000000000E+00
   3   1   1   0.00000000000E+00
   4   1   1   0.00000000000E+00
   5   1   1   0.00000000000E+00
   6   1   1   0.00000000000E+00
   1   2   1   0.00000000000E+00
   2   2   1   0.00000000000E+00
   3   2   1   0.00000000000E+00
   4   2   1   0.00000000000E+00
   5   2   1   0.00000000000E+00
   6   2   1   0.00000000000E+00
   1   3   1   0.00000000000E+00
   2   3   1   0.00000000000E+00
   3   3   1   0.00000000000E+00
   4   3   1   0.00000000000E+00
   5   3   1   0.00000000000E+00
   6   3   1   0.00000000000E+00
   1   4   1   0.00000000000E+00
   2   4   1   0.00000000000E+00
   3   4   1   0.00000000000E+00
   4   4   1   0.00000000000E+00
   5   4   1   0.00000000000E+00
   6   4   1   0.00000000000E+00
   1   5   1   0.00000000000E+00
   2   5   1   0.00000000000E+00
   3   5   1   0.00000000000E+00
   4   5   1   0.00000000000E+00
   5   5   1   0.00000000000E+00
   6   5   1   0.00000000000E+00
   1   6   1   0.00000000000E+00
   2   6   1   0.00000000000E+00
   3   6   1   0.00000000000E+00
   4   6   1   0.00000000000E+00
   5   6   1   0.00000000000E+00
   6   6   1   0.00000000000E+00
   1   3   2   2
   1   1   1   0.00000000000E+00
   2   1   1   0.00000000000E+00
   3   1   1   0.00000000000E+00
   4   1   1   0.00000000000E+00
   5   1   1   0.00000000000E+00
   6   1   1   0.00000000000E+00
   1   2   1   0.00000000000E+00
   2   2   1   0.00000000000E+00
   3   2   1   0.00000000000E+00
   4   2   1   0.00000000000E+00
   5   2   1   0.00000000000E+00
   6   2   1   0.00000000000E+00
   1   3   1   0.00000000000E+00
   2   3   1   0.00000000000E+00
   3   3   1   0.00000000000E+00
   4   3   1   0.00000000000E+00
   5   3   1   0.00000000000E+00
   6   3   1   0.00000000000E+00
   1   4   1   0.00000000000E+00
   2   4   1   0.00000000000E+00
   3   4   1   0.00000000000E+00
   4   4   1   0.00000000000E+00
   5   4   1   0.00000000000E+00
   6   4   1   0.00000000000E+00
   1   5   1   0.00000000000E+00
   2   5   1   0.00000000000E+00
   3   5   1   0.00000000000E+00
   4   5   1   0.00000000000E+00
   5   5   1   0.00000000000E+00
   6   5   1   0.00000000000E+00
   1   6   1   0.00000000000E+00
   2   6   1   0.00000000000E+00
   3   6   1   0.00000000000E+00
   4   6   1   0.00000000000E+00
   5   6   1   0.00000000000E+00
   6   6   1   0.00000000000E+00
   2   1   1   1
   1   1   1   0.00000000000E+00
   2   1   1   1.72183709641E-02
   3   1   1   1.03106097823E-03
   4   1   1   0.00000000000E+00
   5   1   1  -1.03106097823E-03
   6   1   1  -1.72183709641E-02
   1   2   1   5.57871263073E-03
   2   2   1  -5.57871263073E-03
   3   2   1   5.71732333333E-03
   4   2   1   1.12913735165E-03
   5   2   1  -1.12913735165E-03
   6   2   1  -5.71732333333E-03
   1   3   1   8.03339311566E-04
   2   3   1  -3.59514231212E-19
   3   3   1  -8.03339311566E-04
   4   3   1   6.57862648349E-04
   5   3   1   7.65151857349E-21
   6   3   1  -6.57862648349E-04
   1   4   1   4.00185000000E-04
   2   4   1   1.81942351651E-04
   3   4   1  -1.81942351651E-04
   4   4   1  -4.00185000000E-04
   5   4   1   3.96722351651E-04
   6   4   1  -3.96722351651E-04
   1   5   1  -1.25878264490E-03
   2   5   1  -1.23652735165E-03
   3   5   1   2.98788967843E-19
   4   5   1   1.23652735165E-03
   5   5   1   1.25878264490E-03
   6   5   1   6.59993866574E-19
   1   6   1  -2.88580292974E-02
   2   6   1  -5.71732333333E-03
   3   6   1  -5.50472648349E-04
   4   6   1   5.50472648349E-04
   5   6   1   5.71732333333E-03
   6   6   1   2.88580292974E-02
   2   1   1   2
   1   1   1   4.99731733333E-02
   2   1   1  -4.99731736471E-02
   3   1   1  -9.81340460708E-03
   4   1   1  -5.84805555556E-04
   5   1   1   5.84804607083E-04
   6   1   1   9.81340586936E-03
   1   2   1   6.11794502562E-03
   2   2   1   8.64909355255E-11
   3   2   1  -6.11794503204E-03
   4   2   1  -4.04882697142E-03
   5   2   1   6.41777873392E-12
   6   2   1   4.04882688493E-03
   1   3   1  -1.86214702532E-04
   2   3   1   1.65212528843E-03
   3   3   1  -1.65212500642E-03
   4   3   1   1.86214092264E-04
   5   3   1  -3.52859857544E-04
   6   3   1   3.52860185804E-04
   1   4   1  -7.71016666667E-04
   2   4   1   3.11586492222E-04
   3   4   1  -9.50660413045E-10
   4   4   1  -3.11586666667E-04
   5   4   1   7.71017617327E-04
   6   4   1   1.74444755323E-10
   1   5   1  -3.69546029747E-03
   2   5   1   2.15918036975E-03
   3   5   1   3.54386524210E-04
   4   5   1  -3.54386870042E-04
   5   5   1  -2.15917999358E-03
   6   5   1   3.69546026713E-03
   1   6   1  -2.56212732727E-11
   2   6   1   1.11647497817E-02
   3   6   1   5.07054993582E-04
   4   6   1  -1.36190897792E-09
   5   6   1  -5.07054967961E-04
   6   6   1  -1.11647484198E-02
   2   1   2   1
   1   1   1   4.99731733333E-02
   2   1   1   9.81340586936E-03
   3   1   1   5.84804607083E-04
   4   1   1  -5.84805555556E-04
   5   1   1  -9.81340460708E-03
   6   1   1  -4.99731736471E-02
   1   2   1  -2.56212732727E-11
   2   2   1  -1.11647484198E-02
   3   2   1  -5.07054967961E-04
   4   2   1  -1.36190897792E-09
   5   2   1   5.07054993582E-04
   6   2   1   1.11647497817E-02
   1   3   1  -3.69546029747E-03
   2   3   1   3.69546026713E-03
   3   3   1  -2.15917999358E-03
   4   3   1  -3.54386870042E-04
   5   3   1   3.54386524210E-04
   6   3   1   2.15918036975E-03
   1   4   1  -7.71016666667E-04
   2   4   1   1.74444755323E-10
   3   4   1   7.71017617327E-04
   4   4   1  -3.11586666667E-04
   5   4   1  -9.50660413045E-10
   6   4   1   3.11586492222E-04
   1   5   1  -1.86214702532E-04
   2   5   1   3.52860185804E-04
   3   5   1  -3.52859857544E-04
   4   5   1   1.86214092264E-04
   5   5   1  -1.65212500642E-03
   6   5   1   1.65212528843E-03
   1   6   1   6.11794502562E-03
   2   6   1   4.04882688493E-03
   3   6   1   6.41777873392E-12
   4   6   1  -4.04882697142E-03
   5   6   1  -6.11794503204E-03
   6   6   1   8.64909355255E-11
   2   1   2   2
   1   1   1   0.00000000000E+00
   2   1   1  -1.72183709641E-02
   3   1   1  -1.03106097823E-03
   4   1   1   0.00000000000E+00
   5   1   1   1.03106097823E-03
   6   1   1   1.72183709641E-02
   1   2   1  -2.88580292974E-02
   2   2   1   2.88580292974E-02
   3   2   1   5.71732333333E-03
   4   2   1   5.50472648349E-04
   5   2   1  -5.50472648349E-04
   6   2   1  -5.71732333333E-03
   1   3   1  -1.25878264490E-03
   2   3   1   6.59993866574E-19
   3   3   1   1.25878264490E-03
   4   3   1   1.23652735165E-03
   5   3   1   2.98788967843E-19
   6   3   1  -1.23652735165E-03
   1   4   1   4.00185000000E-04
   2   4   1  -3.96722351651E-04
   3   4   1   3.96722351651E-04
   4   4   1  -4.00185000000E-04
   5   4   1  -1.81942351651E-04
   6   4   1   1.81942351651E-04
   1   5   1   8.03339311566E-04
   2   5   1  -6.57862648349E-04
   3   5   1   7.65151857349E-21
   4   5   1   6.57862648349E-04
   5   5   1  -8.03339311566E-04
   6   5   1  -3.59514231212E-19
   1   6   1   5.57871263073E-03
   2   6   1  -5.71732333333E-03
   3   6   1  -1.12913735165E-03
   4   6   1   1.12913735165E-03
   5   6   1   5.71732333333E-03
   6   6   1  -5.57871263073E-03
   2   2   1   1
   1   1   1   1.50392351667E-01
   2   1   1   5.78451416667E-03
   3   1   1   1.13389416667E-03
   4   1   1   2.93678333333E-04
   5   1   1   1.13389416667E-03
   6   1   1   5.78451416667E-03
   1   2   1   2.59449950000E-02
   2   2   1   2.59449950000E-02
   3   2   1   4.78073083333E-03
   4   2   1   9.22375000000E-04
   5   2   1   9.22375000000E-04
   6   2   1   4.78073083333E-03
   1   3   1   1.52832000000E-03
   2   3   1   1.46834241667E-02
   3   3   1   1.52832000000E-03
   4   3   1   1.10838000000E-03
   5   3   1   5.91437500000E-04
   6   3   1   1.10838000000E-03
   1   4   1  -3.99460000000E-04
   2   4   1   2.56296416667E-03
   3   4   1   2.56296416667E-03
   4   4   1  -3.99460000000E-04
   5   4   1   2.56296416667E-03
   6   4   1   2.56296416667E-03
   1   5   1   1.52832000000E-03
   2   5   1   1.10838000000E-03
   3   5   1   5.91437500000E-04
   4   5   1   1.10838000000E-03
   5   5   1   1.52832000000E-03
   6   5   1   1.46834241667E-02
   1   6   1   2.59449950000E-02
   2   6   1   4.78073083333E-03
   3   6   1   9.22375000000E-04
   4   6   1   9.22375000000E-04
   5   6   1   4.78073083333E-03
   6   6   1   2.59449950000E-02
   2   2   1   2
   1   1   1  -3.51609772222E-02
   2   1   1  -3.51609771665E-02
   3   1   1  -9.64833430908E-03
   4   1   1  -1.17208166667E-03
   5   1   1  -1.17208180203E-03
   6   1   1  -9.64833450020E-03
   1   2   1  -3.24761020269E-03
   2   2   1  -2.09889559414E-02
   3   2   1  -3.24760902315E-03
   4   2   1  -2.97159759429E-03
   5   2   1  -1.27813113373E-03
   6   2   1  -2.97159977069E-03
   1   3   1   1.63360450377E-04
   2   3   1  -4.05724512608E-03
   3   3   1  -4.05724473334E-03
   4   3   1   1.63361909358E-04
   5   3   1  -1.88930112573E-03
   6   3   1  -1.88929930521E-03
   1   4   1  -8.49550555556E-04
   2   4   1  -8.14438330092E-04
   3   4   1  -8.93811224707E-04
   4   4   1  -8.14438333333E-04
   5   4   1  -8.49551553071E-04
   6   4   1  -9.98437333657E-03
   1   5   1  -2.02449265615E-02
   2   5   1  -3.17900069479E-03
   3   5   1  -2.79994985386E-04
   4   5   1  -2.79996909358E-04
   5   5   1  -3.17899971111E-03
   6   5   1  -2.02449265406E-02
   1   6   1  -1.21717052575E-01
   2   6   1  -1.65104189598E-03
   3   6   1  -3.17436644052E-04
   4   6   1  -2.74754072382E-04
   5   6   1  -3.17437087959E-04
   6   6   1  -1.65104072531E-03
   2   2   2   1
   1   1   1  -3.51609772222E-02
   2   1   1  -9.64833450020E-03
   3   1   1  -1.17208180203E-03
   4   1   1  -1.17208166667E-03
   5   1   1  -9.64833430908E-03
   6   1   1  -3.51609771665E-02
   1   2   1  -1.21717052575E-01
   2   2   1  -1.65104072531E-03
   3   2   1  -3.17437087959E-04
   4   2   1  -2.74754072382E-04
   5   2   1  -3.17436644052E-04
   6   2   1  -1.65104189598E-03
   1   3   1  -2.02449265615E-02
   2   3   1  -2.02449265406E-02
   3   3   1  -3.17899971111E-03
   4   3   1  -2.79996909358E-04
   5   3   1  -2.79994985386E-04
   6   3   1  -3.17900069479E-03
   1   4   1  -8.49550555556E-04
   2   4   1  -9.98437333657E-03
   3   4   1  -8.49551553071E-04
   4   4   1  -8.14438333333E-04
   5   4   1  -8.93811224707E-04
   6   4   1  -8.14438330092E-04
   1   5   1   1.63360450377E-04
   2   5   1  -1.88929930521E-03
   3   5   1  -1.88930112573E-03
   4   5   1   1.63361909358E-04
   5   5   1  -4.05724473334E-03
   6   5   1  -4.05724512608E-03
   1   6   1  -3.24761020269E-03
   2   6   1  -2.97159977069E-03
   3   6   1  -1.27813113373E-03
   4   6   1  -2.97159759429E-03
   5   6   1  -3.24760902315E-03
   6   6   1  -2.09889559414E-02
   2   2   2   2
   1   1   1   1.50392351667E-01
   2   1   1   5.78451416667E-03
   3   1   1   1.13389416667E-03
   4   1   1   2.93678333333E-04
   5   1   1   1.13389416667E-03
   6   1   1   5.78451416667E-03
   1   2   1   2.59449950000E-02
   2   2   1   2.59449950000E-02
   3   2   1   4.78073083333E-03
   4   2   1   9.22375000000E-04
   5   2   1   9.22375000000E-04
   6   2   1   4.78073083333E-03
   1   3   1   1.52832000000E-03
   2   3   1   1.46834241667E-02
   3   3   1   1.52832000000E-03
   4   3   1   1.10838000000E-03
   5   3   1   5.91437500000E-04
   6   3   1   1.10838000000E-03
   1   4   1  -3.99460000000E-04
   2   4   1   2.56296416667E-03
   3   4   1   2.56296416667E-03
   4   4   1  -3.99460000000E-04
   5   4   1   2.56296416667E-03
   6   4   1   2.56296416667E-03
   1   5   1   1.52832000000E-03
   2   5   1   1.10838000000E-03
   3   5   1   5.91437500000E-04
   4   5   1   1.10838000000E-03
   5   5   1   1.52832000000E-03
   6   5   1   1.46834241667E-02
   1   6   1   2.59449950000E-02
   2   6   1   4.78073083333E-03
   3   6   1   9.22375000000E-04
   4   6   1   9.22375000000E-04
   5   6   1   4.78073083333E-03
   6   6   1   2.59449950000E-02
   2   3   1   1
   1   1   1   0.00000000000E+00
   2   1   1   0.00000000000E+00
   3   1   1   0.00000000000E+00
   4   1   1   0.00000000000E+00
   5   1   1   0.00000000000E+00
   6   1   1   0.00000000000E+00
   1   2   1   0.00000000000E+00
   2   2   1   0.00000000000E+00
   3   2   1   0.00000000000E+00
   4   2   1   0.00000000000E+00
   5   2   1   0.00000000000E+00
   6   2   1   0.00000000000E+00
   1   3   1   0.00000000000E+00
   2   3   1   0.00000000000E+00
   3   3   1   0.00000000000E+00
   4   3   1   0.00000000000E+00
   5   3   1   0.00000000000E+00
   6   3   1   0.00000000000E+00
   1   4   1   0.00000000000E+00
   2   4   1   0.00000000000E+00
   3   4   1   0.00000000000E+00
   4   4   1   0.00000000000E+00
   5   4   1   0.00000000000E+00
   6   4   1   0.00000000000E+00
   1   5   1   0.00000000000E+00
   2   5   1   0.00000000000E+00
   3   5   1   0.00000000000E+00
   4   5   1   0.00000000000E+00
   5   5   1   0.00000000000E+00
   6   5   1   0.00000000000E+00
   1   6   1   0.00000000000E+00
   2   6   1   0.00000000000E+00
   3   6   1   0.00000000000E+00
   4   6   1   0.00000000000E+00
   5   6   1   0.00000000000E+00
   6   6   1   0.00000000000E+00
   2   3   1   2
   1   1   1   0.00000000000E+00
   2   1   1   0.00000000000E+00
   3   1   1   0.00000000000E+00
   4   1   1   0.00000000000E+00
   5   1   1   0.00000000000E+00
   6   1   1   0.00000000000E+00
   1   2   1   0.00000000000E+00
   2   2   1   0.00000000000E+00
   3   2   1   0.00000000000E+00
   4   2   1   0.00000000000E+00
   5   2   1   0.00000000000E+00
   6   2   1   0.00000000000E+00
   1   3   1   0.00000000000E+00
   2   3   1   0.00000000000E+00
   3   3   1   0.00000000000E+00
   4   3   1   0.00000000000E+00
   5   3   1   0.00000000000E+00
   6   3   1   0.00000000000E+00
   1   4   1   0.00000000000E+00
   2   4   1   0.00000000000E+00
   3   4   1   0.00000000000E+00
   4   4   1   0.00000000000E+00
   5   4   1   0.00000000000E+00
   6   4   1   0.00000000000E+00
   1   5   1   0.00000000000E+00
   2   5   1   0.00000000000E+00
   3   5   1   0.00000000000E+00
   4   5   1   0.00000000000E+00
   5   5   1   0.00000000000E+00
   6   5   1   0.00000000000E+00
   1   6   1   0.00000000000E+00
   2   6   1   0.00000000000E+00
   3   6   1   0.00000000000E+00
   4   6   1   0.00000000000E+00
   5   6   1   0.00000000000E+00
   6   6   1   0.00000000000E+00
   2   3   2   1
   1   1   1   0.00000000000E+00
   2   1   1   0.00000000000E+00
   3   1   1   0.00000000000E+00
   4   1   1   0.00000000000E+00
   5   1   1   0.00000000000E+00
   6   1   1   0.00000000000E+00
   1   2   1   0.00000000000E+00
   2   2   1   0.00000000000E+00
   3   2   1   0.00000000000E+00
   4   2   1   0.00000000000E+00
   5   2   1   0.00000000000E+00
   6   2   1   0.00000000000E+00
   1   3   1   0.00000000000E+00
   2   3   1   0.00000000000E+00
   3   3   1   0.00000000000E+00
   4   3   1   0.00000000000E+00
   5   3   1   0.00000000000E+00
   6   3   1   0.00000000000E+00
   1   4   1   0.00000000000E+00
   2   4   1   0.00000000000E+00
   3   4   1   0.00000000000E+00
   4   4   1   0.00000000000E+00
   5   4   1   0.00000000000E+00
   6   4   1   0.00000000000E+00
   1   5   1   0.00000000000E+00
   2   5   1   0.00000000000E+00
   3   5   1   0.00000000000E+00
   4   5   1   0.00000000000E+00
   5   5   1   0.00000000000E+00
   6   5   1   0.00000000000E+00
   1   6   1   0.00000000000E+00
   2   6   1   0.00000000000E+00
   3   6   1   0.00000000000E+00
   4   6   1   0.00000000000E+00
   5   6   1   0.00000000000E+00
   6   6   1   0.00000000000E+00
   2   3   2   2
   1   1   1   0.00000000000E+00
   2   1   1   0.00000000000E+00
   3   1   1   0.00000000000E+00
   4   1   1   0.00000000000E+00
   5   1   1   0.00000000000E+00
   6   1   1   0.00000000000E+00
   1   2   1   0.00000000000E+00
   2   2   1   0.00000000000E+00
   3   2   1   0.00000000000E+00
   4   2   1   0.00000000000E+00
   5   2   1   0.00000000000E+00
   6   2   1   0.00000000000E+00
   1   3   1   0.00000000000E+00
   2   3   1   0.00000000000E+00
   3   3   1   0.00000000000E+00
   4   3   1   0.00000000000E+00
   5   3   1   0.00000000000E+00
   6   3   1   0.00000000000E+00
   1   4   1   0.00000000000E+00
   2   4   1   0.00000000000E+00
   3   4   1   0.00000000000E+00
   4   4   1   0.00000000000E+00
   5   4   1   0.00000000000E+00
   6   4   1   0.00000000000E+00
   1   5   1   0.00000000000E+00
   2   5   1   0.00000000000E+00
   3   5   1   0.00000000000E+00
   4   5   1   0.00000000000E+00
   5   5   1   0.00000000000E+00
   6   5   1   0.00000000000E+00
   1   6   1   0.00000000000E+00
   2   6   1   0.00000000000E+00
   3   6   1   0.00000000000E+00
   4   6   1   0.00000000000E+00
   5   6   1   0.00000000000E+00
   6   6   1   0.00000000000E+00
   3   1   1   1
   1   1   1   0.00000000000E+00
   2   1   1   0.00000000000E+00
   3   1   1   0.00000000000E+00
   4   1   1   0.00000000000E+00
   5   1   1   0.00000000000E+00
   6   1   1   0.00000000000E+00
   1   2   1   0.00000000000E+00
   2   2   1   0.00000000000E+00
   3   2   1   0.00000000000E+00
   4   2   1   0.00000000000E+00
   5   2   1   0.00000000000E+00
   6   2   1   0.00000000000E+00
   1   3   1   0.00000000000E+00
   2   3   1   0.00000000000E+00
   3   3   1   0.00000000000E+00
   4   3   1   0.00000000000E+00
   5   3   1   0.00000000000E+00
   6   3   1   0.00000000000E+00
   1   4   1   0.00000000000E+00
   2   4   1   0.00000000000E+00
   3   4   1   0.00000000000E+00
   4   4   1   0.00000000000E+00
   5   4   1   0.00000000000E+00
   6   4   1   0.00000000000E+00
   1   5   1   0.00000000000E+00
   2   5   1   0.00000000000E+00
   3   5   1   0.00000000000E+00
   4   5   1   0.00000000000E+00
   5   5   1   0.00000000000E+00
   6   5   1   0.00000000000E+00
   1   6   1   0.00000000000E+00
   2   6   1   0.00000000000E+00
   3   6   1   0.00000000000E+00
   4   6   1   0.00000000000E+00
   5   6   1   0.00000000000E+00
   6   6   1   0.00000000000E+00
   3   1   1   2
   1   1   1   0.00000000000E+00
   2   1   1   0.00000000000E+00
   3   1   1   0.00000000000E+00
   4   1   1   0.00000000000E+00
   5   1   1   0.00000000000E+00
   6   1   1   0.00000000000E+00
   1   2   1   0.00000000000E+00
   2   2   1   0.00000000000E+00
   3   2   1   0.00000000000E+00
   4   2   1   0.00000000000E+00
   5   2   1   0.00000000000E+00
   6   2   1   0.00000000000E+00
   1   3   1   0.00000000000E+00
   2   3   1   0.00000000000E+00
   3   3   1   0.00000000000E+00
   4   3   1   0.00000000000E+00
   5   3   1   0.00000000000E+00
   6   3   1   0.00000000000E+00
   1   4   1   0.00000000000E+00
   2   4   1   0.00000000000E+00
   3   4   1   0.00000000000E+00
   4   4   1   0.00000000000E+00
   5   4   1   0.00000000000E+00
   6   4   1   0.00000000000E+00
   1   5   1   0.00000000000E+00
   2   5   1   0.00000000000E+00
   3   5   1   0.00000000000E+00
   4   5   1   0.00000000000E+00
   5   5   1   0.00000000000E+00
   6   5   1   0.00000000000E+00
   1   6   1   0.00000000000E+00
   2   6   1   0.00000000000E+00
   3   6   1   0.00000000000E+00
   4   6   1   0.00000000000E+00
   5   6   1   0.00000000000E+00
   6   6   1   0.00000000000E+00
   3   1   2   1
   1   1   1   0.00000000000E+00
   2   1   1   0.00000000000E+00
   3   1   1   0.00000000000E+00
   4   1   1   0.00000000000E+00
   5   1   1   0.00000000000E+00
   6   1   1   0.00000000000E+00
   1   2   1   0.00000000000E+00
   2   2   1   0.00000000000E+00
   3   2   1   0.00000000000E+00
   4   2   1   0.00000000000E+00
   5   2   1   0.00000000000E+00
   6   2   1   0.00000000000E+00
   1   3   1   0.00000000000E+00
   2   3   1   0.00000000000E+00
   3   3   1   0.00000000000E+00
   4   3   1   0.00000000000E+00
   5   3   1   0.00000000000E+00
   6   3   1   0.00000000000E+00
   1   4   1   0.00000000000E+00
   2   4   1   0.00000000000E+00
   3   4   1   0.00000000000E+00
   4   4   1   0.00000000000E+00
   5   4   1   0.00000000000E+00
   6   4   1   0.00000000000E+00
   1   5   1   0.00000000000E+00
   2   5   1   0.00000000000E+00
   3   5   1   0.00000000000E+00
   4   5   1   0.00000000000E+00
   5   5   1   0.00000000000E+00
   6   5   1   0.00000000000E+00
   1   6   1   0.00000000000E+00
   2   6   1   0.00000000000E+00
   3   6   1   0.00000000000E+00
   4   6   1   0.00000000000E+00
   5   6   1   0.00000000000E+00
   6   6   1   0.00000000000E+00
   3   1   2   2
   1   1   1   0.00000000000E+00
   2   1   1   0.00000000000E+00
   3   1   1   0.00000000000E+00
   4   1   1   0.00000000000E+00
   5   1   1   0.00000000000E+00
   6   1   1   0.00000000000E+00
   1   2   1   0.00000000000E+00
   2   2   1   0.00000000000E+00
   3   2   1   0.00000000000E+00
   4   2   1   0.00000000000E+00
   5   2   1   0.00000000000E+00
   6   2   1   0.00000000000E+00
   1   3   1   0.00000000000E+00
   2   3   1   0.00000000000E+00
   3   3   1   0.00000000000E+00
   4   3   1   0.00000000000E+00
   5   3   1   0.00000000000E+00
   6   3   1   0.00000000000E+00
   1   4   1   0.00000000000E+00
   2   4   1   0.00000000000E+00
   3   4   1   0.00000000000E+00
   4   4   1   0.00000000000E+00
   5   4   1   0.00000000000E+00
   6   4   1   0.00000000000E+00
   1   5   1   0.00000000000E+00
   2   5   1   0.00000000000E+00
   3   5   1   0.00000000000E+00
   4   5   1   0.00000000000E+00
   5   5   1   0.00000000000E+00
   6   5   1   0.00000000000E+00
   1   6   1   0.00000000000E+00
   2   6   1   0.00000000000E+00
   3   6   1   0.00000000000E+00
   4   6   1   0.00000000000E+00
   5   6   1   0.00000000000E+00
   6   6   1   0.00000000000E+00
   3   2   1   1
   1   1   1   0.00000000000E+00
   2   1   1   0.00000000000E+00
   3   1   1   0.00000000000E+00
   4   1   1   0.00000000000E+00
   5   1   1   0.00000000000E+00
   6   1   1   0.00000000000E+00
   1   2   1   0.00000000000E+00
   2   2   1   0.00000000000E+00
   3   2   1   0.00000000000E+00
   4   2   1   0.00000000000E+00
   5   2   1   0.00000000000E+00
   6   2   1   0.00000000000E+00
   1   3   1   0.00000000000E+00
   2   3   1   0.00000000000E+00
   3   3   1   0.00000000000E+00
   4   3   1   0.00000000000E+00
   5   3   1   0.00000000000E+00
   6   3   1   0.00000000000E+00
   1   4   1   0.00000000000E+00
   2   4   1   0.00000000000E+00
   3   4   1   0.00000000000E+00
   4   4   1   0.00000000000E+00
   5   4   1   0.00000000000E+00
   6   4   1   0.00000000000E+00
   1   5   1   0.00000000000E+00
   2   5   1   0.00000000000E+00
   3   5   1   0.00000000000E+00
   4   5   1   0.00000000000E+00
   5   5   1   0.00000000000E+00
   6   5   1   0.00000000000E+00
   1   6   1   0.00000000000E+00
   2   6   1   0.00000000000E+00
   3   6   1   0.00000000000E+00
   4   6   1   0.00000000000E+00
   5   6   1   0.00000000000E+00
   6   6   1   0.00000000000E+00
   3   2   1   2
   1   1   1   0.00000000000E+00
   2   1   1   0.00000000000E+00
   3   1   1   0.00000000000E+00
   4   1   1   0.00000000000E+00
   5   1   1   0.00000000000E+00
   6   1   1   0.00000000000E+00
   1   2   1   0.00000000000E+00
   2   2   1   0.00000000000E+00
   3   2   1   0.00000000000E+00
   4   2   1   0.00000000000E+00
   5   2   1   0.00000000000E+00
   6   2   1   0.00000000000E+00
   1   3   1   0.00000000000E+00
   2   3   1   0.00000000000E+00
   3   3   1   0.00000000000E+00
   4   3   1   0.00000000000E+00
   5   3   1   0.00000000000E+00
   6   3   1   0.00000000000E+00
   1   4   1   0.00000000000E+00
   2   4   1   0.00000000000E+00
   3   4   1   0.00000000000E+00
   4   4   1   0.00000000000E+00
   5   4   1   0.00000000000E+00
   6   4   1   0.00000000000E+00
   1   5   1   0.00000000000E+00
   2   5   1   0.00000000000E+00
   3   5   1   0.00000000000E+00
   4   5   1   0.00000000000E+00
   5   5   1   0.00000000000E+00
   6   5   1   0.00000000000E+00
   1   6   1   0.00000000000E+00
   2   6   1   0.00000000000E+00
   3   6   1   0.00000000000E+00
   4   6   1   0.00000000000E+00
   5   6   1   0.00000000000E+00
   6   6   1   0.00000000000E+00
   3   2   2   1
   1   1   1   0.00000000000E+00
   2   1   1   0.00000000000E+00
   3   1   1   0.00000000000E+00
   4   1   1   0.00000000000E+00
   5   1   1   0.00000000000E+00
   6   1   1   0.00000000000E+00
   1   2   1   0.00000000000E+00
   2   2   1   0.00000000000E+00
   3   2   1   0.00000000000E+00
   4   2   1   0.00000000000E+00
   5   2   1   0.00000000000E+00
   6   2   1   0.00000000000E+00
   1   3   1   0.00000000000E+00
   2   3   1   0.00000000000E+00
   3   3   1   0.00000000000E+00
   4   3   1   0.00000000000E+00
   5   3   1   0.00000000000E+00
   6   3   1   0.00000000000E+00
   1   4   1   0.00000000000E+00
   2   4   1   0.00000000000E+00
   3   4   1   0.00000000000E+00
   4   4   1   0.00000000000E+00
   5   4   1   0.00000000000E+00
   6   4   1   0.00000000000E+00
   1   5   1   0.00000000000E+00
   2   5   1   0.00000000000E+00
   3   5   1   0.00000000000E+00
   4   5   1   0.00000000000E+00
   5   5   1   0.00000000000E+00
   6   5   1   0.00000000000E+00
   1   6   1   0.00000000000E+00
   2   6   1   0.00000000000E+00
   3   6   1   0.00000000000E+00
   4   6   1   0.00000000000E+00
   5   6   1   0.00000000000E+00
   6   6   1   0.00000000000E+00
   3   2   2   2
   1   1   1   0.00000000000E+00
   2   1   1   0.00000000000E+00
   3   1   1   0.00000000000E+00
   4   1   1   0.00000000000E+00
   5   1   1   0.00000000000E+00
   6   1   1   0.00000000000E+00
   1   2   1   0.00000000000E+00
   2   2   1   0.00000000000E+00
   3   2   1   0.00000000000E+00
   4   2   1   0.00000000000E+00
   5   2   1   0.00000000000E+00
   6   2   1   0.00000000000E+00
   1   3   1   0.00000000000E+00
   2   3   1   0.00000000000E+00
   3   3   1   0.00000000000E+00
   4   3   1   0.00000000000E+00
   5   3   1   0.00000000000E+00
   6   3   1   0.00000000000E+00
   1   4   1   0.00000000000E+00
   2   4   1   0.00000000000E+00
   3   4   1   0.00000000000E+00
   4   4   1   0.00000000000E+00
   5   4   1   0.00000000000E+00
   6   4   1   0.00000000000E+00
   1   5   1   0.00000000000E+00
   2   5   1   0.00000000000E+00
   3   5   1   0.00000000000E+00
   4   5   1   0.00000000000E+00
   5   5   1   0.00000000000E+00
   6   5   1   0.00000000000E+00
   1   6   1   0.00000000000E+00
   2   6   1   0.00000000000E+00
   3   6   1   0.00000000000E+00
   4   6   1   0.00000000000E+00
   5   6   1   0.00000000000E+00
   6   6   1   0.00000000000E+00
   3   3   1   1
   1   1   1   2.97252930556E-02
   2   1   1  -8.41510888889E-03
   3   1   1   1.29300888889E-03
   4   1   1  -2.14148055556E-04
   5   1   1   1.29300888889E-03
   6   1   1  -8.41510888889E-03
   1   2   1  -8.41510888889E-03
   2   2   1  -8.41510888889E-03
   3   2   1   3.32354361111E-03
   4   2   1  -5.55257222222E-04
   5   2   1  -5.55257222222E-04
   6   2   1   3.32354361111E-03
   1   3   1   1.29300888889E-03
   2   3   1   3.32354361111E-03
   3   3   1   1.29300888889E-03
   4   3   1  -5.55257222222E-04
   5   3   1   2.65788055556E-04
   6   3   1  -5.55257222222E-04
   1   4   1  -2.14148055556E-04
   2   4   1  -5.55257222222E-04
   3   4   1  -5.55257222222E-04
   4   4   1  -2.14148055556E-04
   5   4   1  -5.55257222222E-04
   6   4   1  -5.55257222222E-04
   1   5   1   1.29300888889E-03
   2   5   1  -5.55257222222E-04
   3   5   1   2.65788055556E-04
   4   5   1  -5.55257222222E-04
   5   5   1   1.29300888889E-03
   6   5   1   3.32354361111E-03
   1   6   1  -8.41510888889E-03
   2   6   1   3.32354361111E-03
   3   6   1  -5.55257222222E-04
   4   6   1  -5.55257222222E-04
   5   6   1   3.32354361111E-03
   6   6   1  -8.41510888889E-03
   3   3   1   2
   1   1   1  -1.84162500000E-04
   2   1   1  -1.84162925444E-04
   3   1   1  -1.35324448460E-03
   4   1   1   3.37423055556E-04
   5   1   1   3.37422817929E-04
   6   1   1  -1.35324429678E-03
   1   2   1  -1.35324429678E-03
   2   2   1   2.11024444444E-03
   3   2   1  -1.35324469479E-03
   4   2   1   1.13419897074E-03
   5   2   1  -5.29860076087E-04
   6   2   1   1.13419764224E-03
   1   3   1   3.37422817929E-04
   2   3   1  -2.32555860767E-04
   3   3   1  -2.32556666667E-04
   4   3   1   3.37423234696E-04
   5   3   1  -5.29858853420E-04
   6   3   1  -5.29860076087E-04
   1   4   1   3.37423055556E-04
   2   4   1  -2.32584151795E-05
   3   4   1   2.02895430821E-05
   4   4   1  -2.32580555556E-05
   5   4   1   3.37423234696E-04
   6   4   1   1.13419897074E-03
   1   5   1  -1.35324448460E-03
   2   5   1  -2.32555479469E-04
   3   5   1   2.02905200869E-05
   4   5   1   2.02895430821E-05
   5   5   1  -2.32556666667E-04
   6   5   1  -1.35324469479E-03
   1   6   1  -1.84162925444E-04
   2   6   1   2.11024291332E-03
   3   6   1  -2.32555479469E-04
   4   6   1  -2.32584151795E-05
   5   6   1  -2.32555860767E-04
   6   6   1   2.11024444444E-03
   3   3   2   1
   1   1   1  -1.84162500000E-04
   2   1   1  -1.35324429678E-03
   3   1   1   3.37422817929E-04
   4   1   1   3.37423055556E-04
   5   1   1  -1.35324448460E-03
   6   1   1  -1.84162925444E-04
   1   2   1  -1.84162925444E-04
   2   2   1   2.11024444444E-03
   3   2   1  -2.32555860767E-04
   4   2   1  -2.32584151795E-05
   5   2   1  -2.32555479469E-04
   6   2   1   2.11024291332E-03
   1   3   1  -1.35324448460E-03
   2   3   1  -1.35324469479E-03
   3   3   1  -2.32556666667E-04
   4   3   1   2.02895430821E-05
   5   3   1   2.02905200869E-05
   6   3   1  -2.32555479469E-04
   1   4   1   3.37423055556E-04
   2   4   1   1.13419897074E-03
   3   4   1   3.37423234696E-04
   4   4   1  -2.32580555556E-05
   5   4   1   2.02895430821E-05
   6   4   1  -2.32584151795E-05
   1   5   1   3.37422817929E-04
   2   5   1  -5.29860076087E-04
   3   5   1  -5.29858853420E-04
   4   5   1   3.37423234696E-04
   5   5   1  -2.32556666667E-04
   6   5   1  -2.32555860767E-04
   1   6   1  -1.35324429678E-03
   2   6   1   1.13419764224E-03
   3   6   1  -5.29860076087E-04
   4   6   1   1.13419897074E-03
   5   6   1  -1.35324469479E-03
   6   6   1   2.11024444444E-03
   3   3   2   2
   1   1   1   2.97252930556E-02
   2   1   1  -8.41510888889E-03
   3   1   1   1.29300888889E-03
   4   1   1  -2.14148055556E-04
   5   1   1   1.29300888889E-03
   6   1   1  -8.41510888889E-03
   1   2   1  -8.41510888889E-03
   2   2   1  -8.41510888889E-03
   3   2   1   3.32354361111E-03
   4   2   1  -5.55257222222E-04
   5   2   1  -5.55257222222E-04
   6   2   1   3.32354361111E-03
   1   3   1   1.29300888889E-03
   2   3   1   3.32354361111E-03
   3   3   1   1.29300888889E-03
   4   3   1  -5.55257222222E-04
   5   3   1   2.65788055556E-04
   6   3   1  -5.55257222222E-04
   1   4   1  -2.14148055556E-04
   2   4   1  -5.55257222222E-04
   3   4   1  -5.55257222222E-04
   4   4   1  -2.14148055556E-04
   5   4   1  -5.55257222222E-04
   6   4   1  -5.55257222222E-04
   1   5   1   1.29300888889E-03
   2   5   1  -5.55257222222E-04
   3   5   1   2.65788055556E-04
   4   5   1  -5.55257222222E-04
   5   5   1   1.29300888889E-03
   6   5   1   3.32354361111E-03
   1   6   1  -8.41510888889E-03
   2   6   1   3.32354361111E-03
   3   6   1  -5.55257222222E-04
   4   6   1  -5.55257222222E-04
   5   6   1   3.32354361111E-03
   6   6   1  -8.41510888889E-03
