 &plot nbnd=   6, nks=  91 /
            0.000000  0.000000  0.000000
    0.0000   -0.0000    0.0000   -0.0869  307.5725  307.5725
            0.016667  0.000000  0.000000
    0.0103    0.0238    0.0820   -0.0826  306.7898  306.0159
            0.033333  0.000000  0.000000
    0.0401    0.0941    0.3249   -0.0696  304.4690  301.3956
            0.050000  0.000000  0.000000
    0.0864    0.2075    0.7189   -0.0477  300.6911  293.8577
            0.066667  0.000000  0.000000
    0.1448    0.3579    1.2488   -0.0168  295.5858  283.6377
            0.083333  0.000000  0.000000
    0.2101    0.5374    1.8950    0.0236  289.3255  271.0497
            0.100000  0.000000  0.000000
    0.2774    0.7354    2.6345    0.0741  282.1162  256.4711
            0.116667  0.000000  0.000000
    0.3433    0.9399    3.4423    0.1355  274.1872  240.3253
            0.133333  0.000000  0.000000
    0.4063    1.1374    4.2930    0.2092  265.7809  223.0621
            0.150000  0.000000  0.000000
    0.4687    1.3144    5.1614    0.2974  257.1407  205.1375
            0.166667  0.000000  0.000000
    0.5363    1.4578    6.0243    0.4030  248.5010  186.9943
            0.183333  0.000000  0.000000
    0.6196    1.5567    6.8609    0.5304  240.0768  169.0439
            0.200000  0.000000  0.000000
    0.7333    1.6026    7.6541    0.6855  232.0556  151.6515
            0.216667  0.000000  0.000000
    0.8961    1.5906    8.3904    0.8760  224.5907  135.1244
            0.233333  0.000000  0.000000
    1.1299    1.5196    9.0610    1.1119  217.7972  119.7036
            0.250000  0.000000  0.000000
    1.4589    1.3918    9.6611    1.4050  211.7500  105.5613
            0.266667  0.000000  0.000000
    1.9075    1.2129   10.1904    1.7696  206.4840   92.8010
            0.283333  0.000000  0.000000
    2.4996    0.9908   10.6528    2.2216  201.9965   81.4617
            0.300000  0.000000  0.000000
    3.2561    0.7350   11.0561    2.7782  198.2520   71.5257
            0.316667  0.000000  0.000000
    4.1937    0.4550   11.4108    3.4572  195.1880   62.9280
            0.333333  0.000000  0.000000
    5.3232    0.1594    4.2759   11.7293  192.7234   55.5679
            0.350000  0.000000  0.000000
    6.6484   -0.1450    5.2501   12.0231  190.7674   49.3198
            0.366667  0.000000  0.000000
    8.1655   -0.4537    6.3925   12.2999  189.2300   44.0452
            0.383333  0.000000  0.000000
    9.8621   -0.7652    7.7118   12.5607  188.0308   39.6021
            0.400000  0.000000  0.000000
   11.7180   -1.0805    9.2108   12.7993  187.1056   35.8536
            0.416667  0.000000  0.000000
   13.7053   -1.4026   10.8857   13.0038  186.4088   32.6742
            0.433333  0.000000  0.000000
   15.7899   12.7250   -1.7359   13.1622  185.9105   29.9538
            0.450000  0.000000  0.000000
   17.9324   14.7089   -2.0849   13.2689  185.5909   27.5996
            0.466667  0.000000  0.000000
   20.0903   16.8096   -2.4537   13.3317  185.4326   25.5369
            0.483333  0.000000  0.000000
   22.2197   18.9911   -2.8449   13.3757  185.4143   23.7076
            0.500000  0.000000  0.000000
   24.2773   21.2107   -3.2596   13.4447  185.5056   22.0685
            0.516667  0.000000  0.000000
   26.2225   23.4200   -3.6970   13.5994  185.6641   20.5887
            0.533333  0.000000  0.000000
   28.0190   25.5671   -4.1545   13.9133  185.8341   19.2473
            0.550000  0.000000  0.000000
   29.6362   27.5987   -4.6289   14.4681  185.9460   18.0309
            0.566667  0.000000  0.000000
   31.0505   29.4624   -5.1159   15.3481  185.9162   16.9313
            0.583333  0.000000  0.000000
   32.2462   31.1097   -5.6109   16.6356  185.6482   15.9432
            0.600000  0.000000  0.000000
   33.2154   32.4980   -6.1072   18.4034  185.0366   15.0615
            0.616667  0.000000  0.000000
   33.9582   33.5930   -6.5913   20.6976  183.9831   14.2749
            0.633333  0.000000  0.000000
   34.4819   34.3704   -7.0319   23.4619  182.4723   13.5548
            0.650000  0.000000  0.000000
   34.8004   34.8174   -7.3651   26.0127  181.0990   12.8400
            0.666667  0.000000  0.000000
   34.9331   34.9331   -7.4959   12.0382   12.0382  196.0727
            0.658333  0.014434  0.000000
   34.7285   34.9033   -7.3608   11.0895  160.9032   47.9185
            0.650000  0.028868  0.000000
   34.2260   34.7371   -7.0294   10.0673  154.3508   54.7819
            0.641667  0.043301  0.000000
   33.4578   34.4621   -6.6850    9.1594  142.2050   66.7336
            0.633333  0.057735  0.000000
   32.4643   34.1054   -6.4786    8.5214  124.6073   83.5407
            0.625000  0.072169  0.000000
   31.2916   33.6935   -6.4537    8.2014  101.2106  105.4804
            0.616667  0.086603  0.000000
   29.9891   33.2504   -6.5791    8.1712   74.5202  130.0053
            0.608333  0.101036  0.000000
   28.6069   32.7972   -6.7982    8.3745   50.9373  150.7052
            0.600000  0.115470  0.000000
   27.1934   32.3518   -7.0553    8.7532   35.4927  162.5773
            0.591667  0.129904  0.000000
   25.7933   31.9284   -7.3055    9.2550   27.7539  166.1201
            0.583333  0.144338  0.000000
   24.4455   31.5374   -7.5168    9.8355   24.8639  164.2938
            0.575000  0.158771  0.000000
   23.1823   31.1860   -7.6696   10.4572   24.5357  159.5227
            0.566667  0.173205  0.000000
   22.0285   30.8781   -7.7557   11.0883   25.4871  153.2551
            0.558333  0.187639  0.000000
   21.0018   30.6149   -7.7764   11.7020   27.0712  146.3249
            0.550000  0.202073  0.000000
   20.1128   30.3958   -7.7409   12.2758   28.9554  139.2643
            0.541667  0.216506  0.000000
   19.3663   30.2186   -7.6643   12.7909   30.9378  132.4766
            0.533333  0.230940  0.000000
   18.7629   30.0801   -7.5648   13.2322   32.8493  126.3247
            0.525000  0.245374  0.000000
   18.2999   29.9769   -7.4619   13.5875   34.5085  121.1653
            0.516667  0.259808  0.000000
   17.9733   29.9059   -7.3735   13.8476   35.7325  117.3283
            0.508333  0.274241  0.000000
   17.7793   -7.3142   29.8644   14.0062   36.4211  115.0256
            0.500000  0.288675  0.000000
   17.7150   -7.2933   29.8507   14.0595   36.6272  114.2736
            0.483333  0.279053  0.000000
   17.9665   -7.2164   29.1403   21.7474   29.1589  114.4580
            0.466667  0.269430  0.000000
   18.4310   -6.9966   27.3233   21.7483   29.8091  115.0274
            0.450000  0.259808  0.000000
   18.6443   -6.6646   24.9365   21.1631  116.0269   31.4558
            0.433333  0.250185  0.000000
   18.3799   -6.2629   22.3201   20.5020  117.5213   33.5587
            0.416667  0.240563  0.000000
   17.6201   -5.8357   19.6382   19.8426  119.5823   36.0089
            0.400000  0.230940  0.000000
   16.4393   -5.4194   16.9842   19.1916  122.2760   38.7773
            0.383333  0.221318  0.000000
   14.9424   -5.0360   14.4294   18.5405  125.6533   41.8683
            0.366667  0.211695  0.000000
   13.2407   -4.6895   12.0349   17.8799  129.7437   45.3157
            0.350000  0.202073  0.000000
   11.4413   -4.3672    9.8512   17.2039  134.5548   49.1866
            0.333333  0.192450  0.000000
    9.6407   -4.0440    7.9146   16.5099  140.0754   53.5852
            0.316667  0.182828  0.000000
    7.9205   -3.6902    6.2453   15.7977  146.2828   58.6552
            0.300000  0.173205  0.000000
    6.3448   -3.2802    4.8472   15.0672  153.1513   64.5758
            0.283333  0.163583  0.000000
    4.9581   -2.8007    3.7092   14.3167  160.6593   71.5530
            0.266667  0.153960  0.000000
    3.7853   -2.2551    2.8085   13.5420  168.7935   79.8045
            0.250000  0.144338  0.000000
    2.8331   -1.6644   12.7357    2.1137  177.5467   89.5384
            0.233333  0.134715  0.000000
    2.0921   -1.0628   11.8887    1.5894  186.9107  100.9281
            0.216667  0.125093  0.000000
    1.5406   -0.4906   10.9916    1.1997  196.8645  114.0850
            0.200000  0.115470  0.000000
    1.1481    0.0132   10.0372    0.9113  207.3616  129.0317
            0.183333  0.105848  0.000000
    0.8801    0.4183    9.0230    0.6960  218.3186  145.6790
            0.166667  0.096225  0.000000
    0.7017    0.7065    7.9539    0.5310  229.6070  163.8101
            0.150000  0.086603  0.000000
    0.5809    0.8731    6.8433    0.4002  241.0499  183.0734
            0.133333  0.076980  0.000000
    0.4917    0.9261    5.7136    0.2926  252.4241  202.9882
            0.116667  0.067358  0.000000
    0.4152    0.8831    4.5948    0.2017  263.4671  222.9610
            0.100000  0.057735  0.000000
    0.3402    0.7681    3.5227    0.1245  273.8885  242.3149
            0.083333  0.048113  0.000000
    0.2628    0.6081    2.5355    0.0595  283.3843  260.3277
            0.066667  0.038490  0.000000
    0.1849    0.4306    1.6703    0.0065  291.6541  276.2767
            0.050000  0.028868  0.000000
    0.1123    0.2612    0.9606   -0.0346  298.4191  289.4871
            0.033333  0.019245  0.000000
    0.0528    0.1224    0.4337   -0.0638  303.4391  299.3772
            0.016667  0.009623  0.000000
    0.0137    0.0316    0.1094   -0.0812  306.5291  305.4996
            0.000000  0.000000  0.000000
    0.0000   -0.0000    0.0000   -0.0869  307.5725  307.5725
