  0.140000000000000      -0.318553887495354        1.14950510808933     
   6   6   1
   1   1   1   1
   1   1   1   9.35109394444E-02
   2   1   1   2.32524472222E-02
   3   1   1  -6.85423888889E-04
   4   1   1  -2.81082777778E-04
   5   1   1  -6.85423888889E-04
   6   1   1   2.32524472222E-02
   1   2   1   9.72212027778E-03
   2   2   1   9.72212027778E-03
   3   2   1   1.69623519444E-02
   4   2   1   4.32211027778E-03
   5   2   1   4.32211027778E-03
   6   2   1   1.69623519444E-02
   1   3   1   1.39119444444E-05
   2   3   1   6.43075972222E-03
   3   3   1   1.39119444444E-05
   4   3   1   3.62803972222E-03
   5   3   1   4.58322527778E-03
   6   3   1   3.62803972222E-03
   1   4   1   9.43877777778E-04
   2   4   1   1.50830611111E-03
   3   4   1   1.50830611111E-03
   4   4   1   9.43877777778E-04
   5   4   1   1.50830611111E-03
   6   4   1   1.50830611111E-03
   1   5   1   1.39119444444E-05
   2   5   1   3.62803972222E-03
   3   5   1   4.58322527778E-03
   4   5   1   3.62803972222E-03
   5   5   1   1.39119444444E-05
   6   5   1   6.43075972222E-03
   1   6   1   9.72212027778E-03
   2   6   1   1.69623519444E-02
   3   6   1   4.32211027778E-03
   4   6   1   4.32211027778E-03
   5   6   1   1.69623519444E-02
   6   6   1   9.72212027778E-03
   1   1   1   2
   1   1   1  -6.03456111111E-02
   2   1   1  -6.03456097867E-02
   3   1   1  -6.84048226593E-03
   4   1   1   1.36030000000E-04
   5   1   1   1.36031710372E-04
   6   1   1  -6.84048187995E-03
   1   2   1  -1.87065447352E-02
   2   2   1   3.60391802943E-03
   3   2   1  -1.87065459156E-02
   4   2   1  -1.21796873966E-02
   5   2   1  -4.06476417963E-03
   6   2   1  -1.21796862624E-02
   1   3   1  -5.42042187577E-04
   2   3   1  -4.01366354433E-03
   3   3   1  -4.01366434761E-03
   4   3   1  -5.42041662484E-04
   5   3   1  -4.82533802843E-03
   6   3   1  -4.82533935681E-03
   1   4   1  -1.15621166667E-03
   2   4   1  -2.17528106302E-03
   3   4   1  -6.26602912285E-04
   4   4   1  -2.17528388889E-03
   5   4   1  -1.15621208772E-03
   6   4   1  -5.55401714754E-04
   1   5   1  -2.86050670131E-03
   2   5   1  -1.72590564319E-03
   3   5   1  -3.70690086046E-03
   4   5   1  -3.70690167085E-03
   5   5   1  -1.72590620794E-03
   6   5   1  -2.86050645567E-03
   1   6   1  -3.50020193148E-03
   2   6   1  -1.66744581821E-02
   3   6   1  -8.66260082037E-03
   4   6   1  -2.25998704782E-03
   5   6   1  -8.66260075109E-03
   6   6   1  -1.66744574739E-02
   1   1   2   1
   1   1   1  -6.03456111111E-02
   2   1   1  -6.84048187995E-03
   3   1   1   1.36031710372E-04
   4   1   1   1.36030000000E-04
   5   1   1  -6.84048226593E-03
   6   1   1  -6.03456097867E-02
   1   2   1  -3.50020193148E-03
   2   2   1  -1.66744574739E-02
   3   2   1  -8.66260075109E-03
   4   2   1  -2.25998704782E-03
   5   2   1  -8.66260082037E-03
   6   2   1  -1.66744581821E-02
   1   3   1  -2.86050670131E-03
   2   3   1  -2.86050645567E-03
   3   3   1  -1.72590620794E-03
   4   3   1  -3.70690167085E-03
   5   3   1  -3.70690086046E-03
   6   3   1  -1.72590564319E-03
   1   4   1  -1.15621166667E-03
   2   4   1  -5.55401714754E-04
   3   4   1  -1.15621208772E-03
   4   4   1  -2.17528388889E-03
   5   4   1  -6.26602912285E-04
   6   4   1  -2.17528106302E-03
   1   5   1  -5.42042187577E-04
   2   5   1  -4.82533935681E-03
   3   5   1  -4.82533802843E-03
   4   5   1  -5.42041662484E-04
   5   5   1  -4.01366434761E-03
   6   5   1  -4.01366354433E-03
   1   6   1  -1.87065447352E-02
   2   6   1  -1.21796862624E-02
   3   6   1  -4.06476417963E-03
   4   6   1  -1.21796873966E-02
   5   6   1  -1.87065459156E-02
   6   6   1   3.60391802943E-03
   1   1   2   2
   1   1   1   9.35109394444E-02
   2   1   1   2.32524472222E-02
   3   1   1  -6.85423888889E-04
   4   1   1  -2.81082777778E-04
   5   1   1  -6.85423888889E-04
   6   1   1   2.32524472222E-02
   1   2   1   9.72212027778E-03
   2   2   1   9.72212027778E-03
   3   2   1   1.69623519444E-02
   4   2   1   4.32211027778E-03
   5   2   1   4.32211027778E-03
   6   2   1   1.69623519444E-02
   1   3   1   1.39119444444E-05
   2   3   1   6.43075972222E-03
   3   3   1   1.39119444444E-05
   4   3   1   3.62803972222E-03
   5   3   1   4.58322527778E-03
   6   3   1   3.62803972222E-03
   1   4   1   9.43877777778E-04
   2   4   1   1.50830611111E-03
   3   4   1   1.50830611111E-03
   4   4   1   9.43877777778E-04
   5   4   1   1.50830611111E-03
   6   4   1   1.50830611111E-03
   1   5   1   1.39119444444E-05
   2   5   1   3.62803972222E-03
   3   5   1   4.58322527778E-03
   4   5   1   3.62803972222E-03
   5   5   1   1.39119444444E-05
   6   5   1   6.43075972222E-03
   1   6   1   9.72212027778E-03
   2   6   1   1.69623519444E-02
   3   6   1   4.32211027778E-03
   4   6   1   4.32211027778E-03
   5   6   1   1.69623519444E-02
   6   6   1   9.72212027778E-03
   1   2   1   1
   1   1   1  -3.85494105773E-19
   2   1   1  -1.48801033361E-02
   3   1   1   3.47481146263E-04
   4   1   1   1.92747052886E-19
   5   1   1  -3.47481146263E-04
   6   1   1   1.48801033361E-02
   1   2   1  -2.26918408361E-02
   2   2   1   2.26918408361E-02
   3   2   1   6.08041666667E-03
   4   2   1  -3.09829654652E-04
   5   2   1   3.09829654652E-04
   6   2   1  -6.08041666667E-03
   1   3   1   7.51241979596E-04
   2   3   1  -2.82745083944E-19
   3   3   1  -7.51241979596E-04
   4   3   1   3.15820965465E-03
   5   3   1   1.50682366307E-19
   6   3   1  -3.15820965465E-03
   1   4   1   7.07231666667E-04
   2   4   1  -1.93438048799E-03
   3   4   1   1.93438048799E-03
   4   4   1  -7.07231666667E-04
   5   4   1  -1.13293715465E-03
   6   4   1   1.13293715465E-03
   1   5   1   5.62796870702E-05
   2   5   1  -9.08920120147E-05
   3   5   1   7.53553711382E-20
   4   5   1   9.08920120147E-05
   5   5   1  -5.62796870702E-05
   6   5   1   2.44514563690E-19
   1   6   1   7.06836583610E-03
   2   6   1  -6.08041666667E-03
   3   6   1  -2.75748798799E-03
   4   6   1   2.75748798799E-03
   5   6   1   6.08041666667E-03
   6   6   1  -7.06836583610E-03
   1   2   1   2
   1   1   1   3.28197111111E-02
   2   1   1  -3.28197122426E-02
   3   1   1  -9.14871469681E-03
   4   1   1   3.54592222222E-04
   5   1   1  -3.54591414300E-04
   6   1   1   9.14871502041E-03
   1   2   1   2.29783961546E-03
   2   2   1   2.61406203732E-10
   3   2   1  -2.29783967137E-03
   4   2   1  -6.71128501807E-03
   5   2   1   5.59065153336E-11
   6   2   1   6.71128475666E-03
   1   3   1  -7.46077477208E-04
   2   3   1   4.00490198846E-03
   3   3   1  -4.00490283368E-03
   4   3   1   7.46076628577E-04
   5   3   1   4.39119313430E-04
   6   3   1  -4.39117619578E-04
   1   4   1  -3.91487222222E-04
   2   4   1   4.89047272759E-05
   3   4   1   2.19220732423E-10
   4   4   1  -4.89050000000E-05
   5   4   1   3.91487003001E-04
   6   4   1   2.72724146892E-10
   1   5   1  -6.85087530057E-03
   2   5   1   2.68406539736E-03
   3   5   1   1.77841124213E-03
   4   5   1  -1.77841051747E-03
   5   5   1  -2.68406494409E-03
   6   5   1   6.85087412265E-03
   1   6   1   9.40094011684E-10
   2   6   1   1.17077269100E-02
   3   6   1  -1.32083783368E-03
   4   6   1   1.80686896597E-11
   5   6   1   1.32083689359E-03
   6   6   1  -1.17077269281E-02
   1   2   2   1
   1   1   1   3.28197111111E-02
   2   1   1   9.14871502041E-03
   3   1   1  -3.54591414300E-04
   4   1   1   3.54592222222E-04
   5   1   1  -9.14871469681E-03
   6   1   1  -3.28197122426E-02
   1   2   1   9.40094011684E-10
   2   2   1  -1.17077269281E-02
   3   2   1   1.32083689359E-03
   4   2   1   1.80686896597E-11
   5   2   1  -1.32083783368E-03
   6   2   1   1.17077269100E-02
   1   3   1  -6.85087530057E-03
   2   3   1   6.85087412265E-03
   3   3   1  -2.68406494409E-03
   4   3   1  -1.77841051747E-03
   5   3   1   1.77841124213E-03
   6   3   1   2.68406539736E-03
   1   4   1  -3.91487222222E-04
   2   4   1   2.72724146892E-10
   3   4   1   3.91487003001E-04
   4   4   1  -4.89050000000E-05
   5   4   1   2.19220732423E-10
   6   4   1   4.89047272759E-05
   1   5   1  -7.46077477208E-04
   2   5   1  -4.39117619578E-04
   3   5   1   4.39119313430E-04
   4   5   1   7.46076628577E-04
   5   5   1  -4.00490283368E-03
   6   5   1   4.00490198846E-03
   1   6   1   2.29783961546E-03
   2   6   1   6.71128475666E-03
   3   6   1   5.59065153336E-11
   4   6   1  -6.71128501807E-03
   5   6   1  -2.29783967137E-03
   6   6   1   2.61406203732E-10
   1   2   2   2
   1   1   1  -3.85494105773E-19
   2   1   1   1.48801033361E-02
   3   1   1  -3.47481146263E-04
   4   1   1   1.92747052886E-19
   5   1   1   3.47481146263E-04
   6   1   1  -1.48801033361E-02
   1   2   1   7.06836583610E-03
   2   2   1  -7.06836583610E-03
   3   2   1   6.08041666667E-03
   4   2   1   2.75748798799E-03
   5   2   1  -2.75748798799E-03
   6   2   1  -6.08041666667E-03
   1   3   1   5.62796870702E-05
   2   3   1   2.44514563690E-19
   3   3   1  -5.62796870702E-05
   4   3   1   9.08920120147E-05
   5   3   1   7.53553711382E-20
   6   3   1  -9.08920120147E-05
   1   4   1   7.07231666667E-04
   2   4   1   1.13293715465E-03
   3   4   1  -1.13293715465E-03
   4   4   1  -7.07231666667E-04
   5   4   1   1.93438048799E-03
   6   4   1  -1.93438048799E-03
   1   5   1   7.51241979596E-04
   2   5   1  -3.15820965465E-03
   3   5   1   1.50682366307E-19
   4   5   1   3.15820965465E-03
   5   5   1  -7.51241979596E-04
   6   5   1  -2.82745083944E-19
   1   6   1  -2.26918408361E-02
   2   6   1  -6.08041666667E-03
   3   6   1   3.09829654652E-04
   4   6   1  -3.09829654652E-04
   5   6   1   6.08041666667E-03
   6   6   1   2.26918408361E-02
   1   3   1   1
   1   1   1   0.00000000000E+00
   2   1   1   0.00000000000E+00
   3   1   1   0.00000000000E+00
   4   1   1   0.00000000000E+00
   5   1   1   0.00000000000E+00
   6   1   1   0.00000000000E+00
   1   2   1   0.00000000000E+00
   2   2   1   0.00000000000E+00
   3   2   1   0.00000000000E+00
   4   2   1   0.00000000000E+00
   5   2   1   0.00000000000E+00
   6   2   1   0.00000000000E+00
   1   3   1   0.00000000000E+00
   2   3   1   0.00000000000E+00
   3   3   1   0.00000000000E+00
   4   3   1   0.00000000000E+00
   5   3   1   0.00000000000E+00
   6   3   1   0.00000000000E+00
   1   4   1   0.00000000000E+00
   2   4   1   0.00000000000E+00
   3   4   1   0.00000000000E+00
   4   4   1   0.00000000000E+00
   5   4   1   0.00000000000E+00
   6   4   1   0.00000000000E+00
   1   5   1   0.00000000000E+00
   2   5   1   0.00000000000E+00
   3   5   1   0.00000000000E+00
   4   5   1   0.00000000000E+00
   5   5   1   0.00000000000E+00
   6   5   1   0.00000000000E+00
   1   6   1   0.00000000000E+00
   2   6   1   0.00000000000E+00
   3   6   1   0.00000000000E+00
   4   6   1   0.00000000000E+00
   5   6   1   0.00000000000E+00
   6   6   1   0.00000000000E+00
   1   3   1   2
   1   1   1   0.00000000000E+00
   2   1   1   0.00000000000E+00
   3   1   1   0.00000000000E+00
   4   1   1   0.00000000000E+00
   5   1   1   0.00000000000E+00
   6   1   1   0.00000000000E+00
   1   2   1   0.00000000000E+00
   2   2   1   0.00000000000E+00
   3   2   1   0.00000000000E+00
   4   2   1   0.00000000000E+00
   5   2   1   0.00000000000E+00
   6   2   1   0.00000000000E+00
   1   3   1   0.00000000000E+00
   2   3   1   0.00000000000E+00
   3   3   1   0.00000000000E+00
   4   3   1   0.00000000000E+00
   5   3   1   0.00000000000E+00
   6   3   1   0.00000000000E+00
   1   4   1   0.00000000000E+00
   2   4   1   0.00000000000E+00
   3   4   1   0.00000000000E+00
   4   4   1   0.00000000000E+00
   5   4   1   0.00000000000E+00
   6   4   1   0.00000000000E+00
   1   5   1   0.00000000000E+00
   2   5   1   0.00000000000E+00
   3   5   1   0.00000000000E+00
   4   5   1   0.00000000000E+00
   5   5   1   0.00000000000E+00
   6   5   1   0.00000000000E+00
   1   6   1   0.00000000000E+00
   2   6   1   0.00000000000E+00
   3   6   1   0.00000000000E+00
   4   6   1   0.00000000000E+00
   5   6   1   0.00000000000E+00
   6   6   1   0.00000000000E+00
   1   3   2   1
   1   1   1   0.00000000000E+00
   2   1   1   0.00000000000E+00
   3   1   1   0.00000000000E+00
   4   1   1   0.00000000000E+00
   5   1   1   0.00000000000E+00
   6   1   1   0.00000000000E+00
   1   2   1   0.00000000000E+00
   2   2   1   0.00000000000E+00
   3   2   1   0.00000000000E+00
   4   2   1   0.00000000000E+00
   5   2   1   0.00000000000E+00
   6   2   1   0.00000000000E+00
   1   3   1   0.00000000000E+00
   2   3   1   0.00000000000E+00
   3   3   1   0.00000000000E+00
   4   3   1   0.00000000000E+00
   5   3   1   0.00000000000E+00
   6   3   1   0.00000000000E+00
   1   4   1   0.00000000000E+00
   2   4   1   0.00000000000E+00
   3   4   1   0.00000000000E+00
   4   4   1   0.00000000000E+00
   5   4   1   0.00000000000E+00
   6   4   1   0.00000000000E+00
   1   5   1   0.00000000000E+00
   2   5   1   0.00000000000E+00
   3   5   1   0.00000000000E+00
   4   5   1   0.00000000000E+00
   5   5   1   0.00000000000E+00
   6   5   1   0.00000000000E+00
   1   6   1   0.00000000000E+00
   2   6   1   0.00000000000E+00
   3   6   1   0.00000000000E+00
   4   6   1   0.00000000000E+00
   5   6   1   0.00000000000E+00
   6   6   1   0.00000000000E+00
   1   3   2   2
   1   1   1   0.00000000000E+00
   2   1   1   0.00000000000E+00
   3   1   1   0.00000000000E+00
   4   1   1   0.00000000000E+00
   5   1   1   0.00000000000E+00
   6   1   1   0.00000000000E+00
   1   2   1   0.00000000000E+00
   2   2   1   0.00000000000E+00
   3   2   1   0.00000000000E+00
   4   2   1   0.00000000000E+00
   5   2   1   0.00000000000E+00
   6   2   1   0.00000000000E+00
   1   3   1   0.00000000000E+00
   2   3   1   0.00000000000E+00
   3   3   1   0.00000000000E+00
   4   3   1   0.00000000000E+00
   5   3   1   0.00000000000E+00
   6   3   1   0.00000000000E+00
   1   4   1   0.00000000000E+00
   2   4   1   0.00000000000E+00
   3   4   1   0.00000000000E+00
   4   4   1   0.00000000000E+00
   5   4   1   0.00000000000E+00
   6   4   1   0.00000000000E+00
   1   5   1   0.00000000000E+00
   2   5   1   0.00000000000E+00
   3   5   1   0.00000000000E+00
   4   5   1   0.00000000000E+00
   5   5   1   0.00000000000E+00
   6   5   1   0.00000000000E+00
   1   6   1   0.00000000000E+00
   2   6   1   0.00000000000E+00
   3   6   1   0.00000000000E+00
   4   6   1   0.00000000000E+00
   5   6   1   0.00000000000E+00
   6   6   1   0.00000000000E+00
   2   1   1   1
   1   1   1  -3.85494105773E-19
   2   1   1   1.48801033361E-02
   3   1   1  -3.47481146263E-04
   4   1   1   1.92747052886E-19
   5   1   1   3.47481146263E-04
   6   1   1  -1.48801033361E-02
   1   2   1   7.06836583610E-03
   2   2   1  -7.06836583610E-03
   3   2   1   6.08041666667E-03
   4   2   1   2.75748798799E-03
   5   2   1  -2.75748798799E-03
   6   2   1  -6.08041666667E-03
   1   3   1   5.62796870702E-05
   2   3   1   2.44514563690E-19
   3   3   1  -5.62796870702E-05
   4   3   1   9.08920120147E-05
   5   3   1   7.53553711382E-20
   6   3   1  -9.08920120147E-05
   1   4   1   7.07231666667E-04
   2   4   1   1.13293715465E-03
   3   4   1  -1.13293715465E-03
   4   4   1  -7.07231666667E-04
   5   4   1   1.93438048799E-03
   6   4   1  -1.93438048799E-03
   1   5   1   7.51241979596E-04
   2   5   1  -3.15820965465E-03
   3   5   1   1.50682366307E-19
   4   5   1   3.15820965465E-03
   5   5   1  -7.51241979596E-04
   6   5   1  -2.82745083944E-19
   1   6   1  -2.26918408361E-02
   2   6   1  -6.08041666667E-03
   3   6   1   3.09829654652E-04
   4   6   1  -3.09829654652E-04
   5   6   1   6.08041666667E-03
   6   6   1   2.26918408361E-02
   2   1   1   2
   1   1   1   3.28197111111E-02
   2   1   1  -3.28197122426E-02
   3   1   1  -9.14871469681E-03
   4   1   1   3.54592222222E-04
   5   1   1  -3.54591414300E-04
   6   1   1   9.14871502041E-03
   1   2   1   2.29783961546E-03
   2   2   1   2.61406203732E-10
   3   2   1  -2.29783967137E-03
   4   2   1  -6.71128501807E-03
   5   2   1   5.59065153336E-11
   6   2   1   6.71128475666E-03
   1   3   1  -7.46077477208E-04
   2   3   1   4.00490198846E-03
   3   3   1  -4.00490283368E-03
   4   3   1   7.46076628577E-04
   5   3   1   4.39119313430E-04
   6   3   1  -4.39117619578E-04
   1   4   1  -3.91487222222E-04
   2   4   1   4.89047272759E-05
   3   4   1   2.19220732423E-10
   4   4   1  -4.89050000000E-05
   5   4   1   3.91487003001E-04
   6   4   1   2.72724146892E-10
   1   5   1  -6.85087530057E-03
   2   5   1   2.68406539736E-03
   3   5   1   1.77841124213E-03
   4   5   1  -1.77841051747E-03
   5   5   1  -2.68406494409E-03
   6   5   1   6.85087412265E-03
   1   6   1   9.40094011684E-10
   2   6   1   1.17077269100E-02
   3   6   1  -1.32083783368E-03
   4   6   1   1.80686896597E-11
   5   6   1   1.32083689359E-03
   6   6   1  -1.17077269281E-02
   2   1   2   1
   1   1   1   3.28197111111E-02
   2   1   1   9.14871502041E-03
   3   1   1  -3.54591414300E-04
   4   1   1   3.54592222222E-04
   5   1   1  -9.14871469681E-03
   6   1   1  -3.28197122426E-02
   1   2   1   9.40094011684E-10
   2   2   1  -1.17077269281E-02
   3   2   1   1.32083689359E-03
   4   2   1   1.80686896597E-11
   5   2   1  -1.32083783368E-03
   6   2   1   1.17077269100E-02
   1   3   1  -6.85087530057E-03
   2   3   1   6.85087412265E-03
   3   3   1  -2.68406494409E-03
   4   3   1  -1.77841051747E-03
   5   3   1   1.77841124213E-03
   6   3   1   2.68406539736E-03
   1   4   1  -3.91487222222E-04
   2   4   1   2.72724146892E-10
   3   4   1   3.91487003001E-04
   4   4   1  -4.89050000000E-05
   5   4   1   2.19220732423E-10
   6   4   1   4.89047272759E-05
   1   5   1  -7.46077477208E-04
   2   5   1  -4.39117619578E-04
   3   5   1   4.39119313430E-04
   4   5   1   7.46076628577E-04
   5   5   1  -4.00490283368E-03
   6   5   1   4.00490198846E-03
   1   6   1   2.29783961546E-03
   2   6   1   6.71128475666E-03
   3   6   1   5.59065153336E-11
   4   6   1  -6.71128501807E-03
   5   6   1  -2.29783967137E-03
   6   6   1   2.61406203732E-10
   2   1   2   2
   1   1   1  -3.85494105773E-19
   2   1   1  -1.48801033361E-02
   3   1   1   3.47481146263E-04
   4   1   1   1.92747052886E-19
   5   1   1  -3.47481146263E-04
   6   1   1   1.48801033361E-02
   1   2   1  -2.26918408361E-02
   2   2   1   2.26918408361E-02
   3   2   1   6.08041666667E-03
   4   2   1  -3.09829654652E-04
   5   2   1   3.09829654652E-04
   6   2   1  -6.08041666667E-03
   1   3   1   7.51241979596E-04
   2   3   1  -2.82745083944E-19
   3   3   1  -7.51241979596E-04
   4   3   1   3.15820965465E-03
   5   3   1   1.50682366307E-19
   6   3   1  -3.15820965465E-03
   1   4   1   7.07231666667E-04
   2   4   1  -1.93438048799E-03
   3   4   1   1.93438048799E-03
   4   4   1  -7.07231666667E-04
   5   4   1  -1.13293715465E-03
   6   4   1   1.13293715465E-03
   1   5   1   5.62796870702E-05
   2   5   1  -9.08920120147E-05
   3   5   1   7.53553711382E-20
   4   5   1   9.08920120147E-05
   5   5   1  -5.62796870702E-05
   6   5   1   2.44514563690E-19
   1   6   1   7.06836583610E-03
   2   6   1  -6.08041666667E-03
   3   6   1  -2.75748798799E-03
   4   6   1   2.75748798799E-03
   5   6   1   6.08041666667E-03
   6   6   1  -7.06836583610E-03
   2   2   1   1
   1   1   1   9.35109391667E-02
   2   1   1   5.21201222222E-03
   3   1   1   2.47023333333E-04
   4   1   1   1.35219805556E-03
   5   1   1   2.47023333333E-04
   6   1   1   5.21201222222E-03
   1   2   1   1.87423380556E-02
   2   2   1   1.87423380556E-02
   3   2   1   9.94129138889E-03
   4   2   1   1.98352638889E-03
   5   2   1   1.98352638889E-03
   6   2   1   9.94129138889E-03
   1   3   1  -4.52312500000E-04
   2   3   1   2.04728813889E-02
   3   3   1  -4.52312500000E-04
   4   3   1   2.67759805556E-03
   5   3   1   4.58322583333E-03
   6   3   1   2.67759805556E-03
   1   4   1   1.27236388889E-04
   2   4   1   4.79733222222E-03
   3   4   1   4.79733222222E-03
   4   4   1   1.27236388889E-04
   5   4   1   4.79733222222E-03
   6   4   1   4.79733222222E-03
   1   5   1  -4.52312500000E-04
   2   5   1   2.67759805556E-03
   3   5   1   4.58322583333E-03
   4   5   1   2.67759805556E-03
   5   5   1  -4.52312500000E-04
   6   5   1   2.04728813889E-02
   1   6   1   1.87423380556E-02
   2   6   1   9.94129138889E-03
   3   6   1   1.98352638889E-03
   4   6   1   1.98352638889E-03
   5   6   1   9.94129138889E-03
   6   6   1   1.87423380556E-02
   2   2   1   2
   1   1   1  -2.24486711111E-02
   2   1   1  -2.24486711050E-02
   3   1   1  -1.20978731232E-02
   4   1   1  -1.17751333333E-03
   5   1   1  -1.17751409905E-03
   6   1   1  -1.20978738950E-02
   1   2   1  -2.31810226340E-04
   2   2   1  -2.34339173994E-02
   3   2   1  -2.31808991075E-04
   4   2   1  -4.43016360288E-03
   5   2   1  -5.07886432004E-03
   6   2   1  -4.43016312919E-03
   1   3   1  -4.99439238852E-04
   2   3   1  -5.58778336454E-03
   3   3   1  -5.58778335574E-03
   4   3   1  -4.99438445448E-04
   5   3   1  -4.31828891383E-03
   6   3   1  -4.31828969842E-03
   1   4   1   1.14730555556E-04
   2   4   1  -2.23175141967E-03
   3   4   1  -4.73366616639E-03
   4   4   1  -2.23175166667E-03
   5   4   1   1.14728944171E-04
   6   4   1  -1.60544502470E-02
   1   5   1  -1.60778496500E-02
   2   5   1  -7.87554196824E-03
   3   5   1  -1.65336997506E-03
   4   5   1  -1.65336822122E-03
   5   5   1  -7.87554053315E-03
   6   5   1  -1.60778499688E-02
   1   6   1  -7.92940819959E-02
   2   6   1  -3.15554020415E-03
   3   6   1  -9.38846235511E-04
   4   6   1  -2.14704639712E-03
   5   6   1  -9.38846564481E-04
   6   6   1  -3.15554093389E-03
   2   2   2   1
   1   1   1  -2.24486711111E-02
   2   1   1  -1.20978738950E-02
   3   1   1  -1.17751409905E-03
   4   1   1  -1.17751333333E-03
   5   1   1  -1.20978731232E-02
   6   1   1  -2.24486711050E-02
   1   2   1  -7.92940819959E-02
   2   2   1  -3.15554093389E-03
   3   2   1  -9.38846564481E-04
   4   2   1  -2.14704639712E-03
   5   2   1  -9.38846235511E-04
   6   2   1  -3.15554020415E-03
   1   3   1  -1.60778496500E-02
   2   3   1  -1.60778499688E-02
   3   3   1  -7.87554053315E-03
   4   3   1  -1.65336822122E-03
   5   3   1  -1.65336997506E-03
   6   3   1  -7.87554196824E-03
   1   4   1   1.14730555556E-04
   2   4   1  -1.60544502470E-02
   3   4   1   1.14728944171E-04
   4   4   1  -2.23175166667E-03
   5   4   1  -4.73366616639E-03
   6   4   1  -2.23175141967E-03
   1   5   1  -4.99439238852E-04
   2   5   1  -4.31828969842E-03
   3   5   1  -4.31828891383E-03
   4   5   1  -4.99438445448E-04
   5   5   1  -5.58778335574E-03
   6   5   1  -5.58778336454E-03
   1   6   1  -2.31810226340E-04
   2   6   1  -4.43016312919E-03
   3   6   1  -5.07886432004E-03
   4   6   1  -4.43016360288E-03
   5   6   1  -2.31808991075E-04
   6   6   1  -2.34339173994E-02
   2   2   2   2
   1   1   1   9.35109391667E-02
   2   1   1   5.21201222222E-03
   3   1   1   2.47023333333E-04
   4   1   1   1.35219805556E-03
   5   1   1   2.47023333333E-04
   6   1   1   5.21201222222E-03
   1   2   1   1.87423380556E-02
   2   2   1   1.87423380556E-02
   3   2   1   9.94129138889E-03
   4   2   1   1.98352638889E-03
   5   2   1   1.98352638889E-03
   6   2   1   9.94129138889E-03
   1   3   1  -4.52312500000E-04
   2   3   1   2.04728813889E-02
   3   3   1  -4.52312500000E-04
   4   3   1   2.67759805556E-03
   5   3   1   4.58322583333E-03
   6   3   1   2.67759805556E-03
   1   4   1   1.27236388889E-04
   2   4   1   4.79733222222E-03
   3   4   1   4.79733222222E-03
   4   4   1   1.27236388889E-04
   5   4   1   4.79733222222E-03
   6   4   1   4.79733222222E-03
   1   5   1  -4.52312500000E-04
   2   5   1   2.67759805556E-03
   3   5   1   4.58322583333E-03
   4   5   1   2.67759805556E-03
   5   5   1  -4.52312500000E-04
   6   5   1   2.04728813889E-02
   1   6   1   1.87423380556E-02
   2   6   1   9.94129138889E-03
   3   6   1   1.98352638889E-03
   4   6   1   1.98352638889E-03
   5   6   1   9.94129138889E-03
   6   6   1   1.87423380556E-02
   2   3   1   1
   1   1   1   0.00000000000E+00
   2   1   1   0.00000000000E+00
   3   1   1   0.00000000000E+00
   4   1   1   0.00000000000E+00
   5   1   1   0.00000000000E+00
   6   1   1   0.00000000000E+00
   1   2   1   0.00000000000E+00
   2   2   1   0.00000000000E+00
   3   2   1   0.00000000000E+00
   4   2   1   0.00000000000E+00
   5   2   1   0.00000000000E+00
   6   2   1   0.00000000000E+00
   1   3   1   0.00000000000E+00
   2   3   1   0.00000000000E+00
   3   3   1   0.00000000000E+00
   4   3   1   0.00000000000E+00
   5   3   1   0.00000000000E+00
   6   3   1   0.00000000000E+00
   1   4   1   0.00000000000E+00
   2   4   1   0.00000000000E+00
   3   4   1   0.00000000000E+00
   4   4   1   0.00000000000E+00
   5   4   1   0.00000000000E+00
   6   4   1   0.00000000000E+00
   1   5   1   0.00000000000E+00
   2   5   1   0.00000000000E+00
   3   5   1   0.00000000000E+00
   4   5   1   0.00000000000E+00
   5   5   1   0.00000000000E+00
   6   5   1   0.00000000000E+00
   1   6   1   0.00000000000E+00
   2   6   1   0.00000000000E+00
   3   6   1   0.00000000000E+00
   4   6   1   0.00000000000E+00
   5   6   1   0.00000000000E+00
   6   6   1   0.00000000000E+00
   2   3   1   2
   1   1   1   0.00000000000E+00
   2   1   1   0.00000000000E+00
   3   1   1   0.00000000000E+00
   4   1   1   0.00000000000E+00
   5   1   1   0.00000000000E+00
   6   1   1   0.00000000000E+00
   1   2   1   0.00000000000E+00
   2   2   1   0.00000000000E+00
   3   2   1   0.00000000000E+00
   4   2   1   0.00000000000E+00
   5   2   1   0.00000000000E+00
   6   2   1   0.00000000000E+00
   1   3   1   0.00000000000E+00
   2   3   1   0.00000000000E+00
   3   3   1   0.00000000000E+00
   4   3   1   0.00000000000E+00
   5   3   1   0.00000000000E+00
   6   3   1   0.00000000000E+00
   1   4   1   0.00000000000E+00
   2   4   1   0.00000000000E+00
   3   4   1   0.00000000000E+00
   4   4   1   0.00000000000E+00
   5   4   1   0.00000000000E+00
   6   4   1   0.00000000000E+00
   1   5   1   0.00000000000E+00
   2   5   1   0.00000000000E+00
   3   5   1   0.00000000000E+00
   4   5   1   0.00000000000E+00
   5   5   1   0.00000000000E+00
   6   5   1   0.00000000000E+00
   1   6   1   0.00000000000E+00
   2   6   1   0.00000000000E+00
   3   6   1   0.00000000000E+00
   4   6   1   0.00000000000E+00
   5   6   1   0.00000000000E+00
   6   6   1   0.00000000000E+00
   2   3   2   1
   1   1   1   0.00000000000E+00
   2   1   1   0.00000000000E+00
   3   1   1   0.00000000000E+00
   4   1   1   0.00000000000E+00
   5   1   1   0.00000000000E+00
   6   1   1   0.00000000000E+00
   1   2   1   0.00000000000E+00
   2   2   1   0.00000000000E+00
   3   2   1   0.00000000000E+00
   4   2   1   0.00000000000E+00
   5   2   1   0.00000000000E+00
   6   2   1   0.00000000000E+00
   1   3   1   0.00000000000E+00
   2   3   1   0.00000000000E+00
   3   3   1   0.00000000000E+00
   4   3   1   0.00000000000E+00
   5   3   1   0.00000000000E+00
   6   3   1   0.00000000000E+00
   1   4   1   0.00000000000E+00
   2   4   1   0.00000000000E+00
   3   4   1   0.00000000000E+00
   4   4   1   0.00000000000E+00
   5   4   1   0.00000000000E+00
   6   4   1   0.00000000000E+00
   1   5   1   0.00000000000E+00
   2   5   1   0.00000000000E+00
   3   5   1   0.00000000000E+00
   4   5   1   0.00000000000E+00
   5   5   1   0.00000000000E+00
   6   5   1   0.00000000000E+00
   1   6   1   0.00000000000E+00
   2   6   1   0.00000000000E+00
   3   6   1   0.00000000000E+00
   4   6   1   0.00000000000E+00
   5   6   1   0.00000000000E+00
   6   6   1   0.00000000000E+00
   2   3   2   2
   1   1   1   0.00000000000E+00
   2   1   1   0.00000000000E+00
   3   1   1   0.00000000000E+00
   4   1   1   0.00000000000E+00
   5   1   1   0.00000000000E+00
   6   1   1   0.00000000000E+00
   1   2   1   0.00000000000E+00
   2   2   1   0.00000000000E+00
   3   2   1   0.00000000000E+00
   4   2   1   0.00000000000E+00
   5   2   1   0.00000000000E+00
   6   2   1   0.00000000000E+00
   1   3   1   0.00000000000E+00
   2   3   1   0.00000000000E+00
   3   3   1   0.00000000000E+00
   4   3   1   0.00000000000E+00
   5   3   1   0.00000000000E+00
   6   3   1   0.00000000000E+00
   1   4   1   0.00000000000E+00
   2   4   1   0.00000000000E+00
   3   4   1   0.00000000000E+00
   4   4   1   0.00000000000E+00
   5   4   1   0.00000000000E+00
   6   4   1   0.00000000000E+00
   1   5   1   0.00000000000E+00
   2   5   1   0.00000000000E+00
   3   5   1   0.00000000000E+00
   4   5   1   0.00000000000E+00
   5   5   1   0.00000000000E+00
   6   5   1   0.00000000000E+00
   1   6   1   0.00000000000E+00
   2   6   1   0.00000000000E+00
   3   6   1   0.00000000000E+00
   4   6   1   0.00000000000E+00
   5   6   1   0.00000000000E+00
   6   6   1   0.00000000000E+00
   3   1   1   1
   1   1   1   0.00000000000E+00
   2   1   1   0.00000000000E+00
   3   1   1   0.00000000000E+00
   4   1   1   0.00000000000E+00
   5   1   1   0.00000000000E+00
   6   1   1   0.00000000000E+00
   1   2   1   0.00000000000E+00
   2   2   1   0.00000000000E+00
   3   2   1   0.00000000000E+00
   4   2   1   0.00000000000E+00
   5   2   1   0.00000000000E+00
   6   2   1   0.00000000000E+00
   1   3   1   0.00000000000E+00
   2   3   1   0.00000000000E+00
   3   3   1   0.00000000000E+00
   4   3   1   0.00000000000E+00
   5   3   1   0.00000000000E+00
   6   3   1   0.00000000000E+00
   1   4   1   0.00000000000E+00
   2   4   1   0.00000000000E+00
   3   4   1   0.00000000000E+00
   4   4   1   0.00000000000E+00
   5   4   1   0.00000000000E+00
   6   4   1   0.00000000000E+00
   1   5   1   0.00000000000E+00
   2   5   1   0.00000000000E+00
   3   5   1   0.00000000000E+00
   4   5   1   0.00000000000E+00
   5   5   1   0.00000000000E+00
   6   5   1   0.00000000000E+00
   1   6   1   0.00000000000E+00
   2   6   1   0.00000000000E+00
   3   6   1   0.00000000000E+00
   4   6   1   0.00000000000E+00
   5   6   1   0.00000000000E+00
   6   6   1   0.00000000000E+00
   3   1   1   2
   1   1   1   0.00000000000E+00
   2   1   1   0.00000000000E+00
   3   1   1   0.00000000000E+00
   4   1   1   0.00000000000E+00
   5   1   1   0.00000000000E+00
   6   1   1   0.00000000000E+00
   1   2   1   0.00000000000E+00
   2   2   1   0.00000000000E+00
   3   2   1   0.00000000000E+00
   4   2   1   0.00000000000E+00
   5   2   1   0.00000000000E+00
   6   2   1   0.00000000000E+00
   1   3   1   0.00000000000E+00
   2   3   1   0.00000000000E+00
   3   3   1   0.00000000000E+00
   4   3   1   0.00000000000E+00
   5   3   1   0.00000000000E+00
   6   3   1   0.00000000000E+00
   1   4   1   0.00000000000E+00
   2   4   1   0.00000000000E+00
   3   4   1   0.00000000000E+00
   4   4   1   0.00000000000E+00
   5   4   1   0.00000000000E+00
   6   4   1   0.00000000000E+00
   1   5   1   0.00000000000E+00
   2   5   1   0.00000000000E+00
   3   5   1   0.00000000000E+00
   4   5   1   0.00000000000E+00
   5   5   1   0.00000000000E+00
   6   5   1   0.00000000000E+00
   1   6   1   0.00000000000E+00
   2   6   1   0.00000000000E+00
   3   6   1   0.00000000000E+00
   4   6   1   0.00000000000E+00
   5   6   1   0.00000000000E+00
   6   6   1   0.00000000000E+00
   3   1   2   1
   1   1   1   0.00000000000E+00
   2   1   1   0.00000000000E+00
   3   1   1   0.00000000000E+00
   4   1   1   0.00000000000E+00
   5   1   1   0.00000000000E+00
   6   1   1   0.00000000000E+00
   1   2   1   0.00000000000E+00
   2   2   1   0.00000000000E+00
   3   2   1   0.00000000000E+00
   4   2   1   0.00000000000E+00
   5   2   1   0.00000000000E+00
   6   2   1   0.00000000000E+00
   1   3   1   0.00000000000E+00
   2   3   1   0.00000000000E+00
   3   3   1   0.00000000000E+00
   4   3   1   0.00000000000E+00
   5   3   1   0.00000000000E+00
   6   3   1   0.00000000000E+00
   1   4   1   0.00000000000E+00
   2   4   1   0.00000000000E+00
   3   4   1   0.00000000000E+00
   4   4   1   0.00000000000E+00
   5   4   1   0.00000000000E+00
   6   4   1   0.00000000000E+00
   1   5   1   0.00000000000E+00
   2   5   1   0.00000000000E+00
   3   5   1   0.00000000000E+00
   4   5   1   0.00000000000E+00
   5   5   1   0.00000000000E+00
   6   5   1   0.00000000000E+00
   1   6   1   0.00000000000E+00
   2   6   1   0.00000000000E+00
   3   6   1   0.00000000000E+00
   4   6   1   0.00000000000E+00
   5   6   1   0.00000000000E+00
   6   6   1   0.00000000000E+00
   3   1   2   2
   1   1   1   0.00000000000E+00
   2   1   1   0.00000000000E+00
   3   1   1   0.00000000000E+00
   4   1   1   0.00000000000E+00
   5   1   1   0.00000000000E+00
   6   1   1   0.00000000000E+00
   1   2   1   0.00000000000E+00
   2   2   1   0.00000000000E+00
   3   2   1   0.00000000000E+00
   4   2   1   0.00000000000E+00
   5   2   1   0.00000000000E+00
   6   2   1   0.00000000000E+00
   1   3   1   0.00000000000E+00
   2   3   1   0.00000000000E+00
   3   3   1   0.00000000000E+00
   4   3   1   0.00000000000E+00
   5   3   1   0.00000000000E+00
   6   3   1   0.00000000000E+00
   1   4   1   0.00000000000E+00
   2   4   1   0.00000000000E+00
   3   4   1   0.00000000000E+00
   4   4   1   0.00000000000E+00
   5   4   1   0.00000000000E+00
   6   4   1   0.00000000000E+00
   1   5   1   0.00000000000E+00
   2   5   1   0.00000000000E+00
   3   5   1   0.00000000000E+00
   4   5   1   0.00000000000E+00
   5   5   1   0.00000000000E+00
   6   5   1   0.00000000000E+00
   1   6   1   0.00000000000E+00
   2   6   1   0.00000000000E+00
   3   6   1   0.00000000000E+00
   4   6   1   0.00000000000E+00
   5   6   1   0.00000000000E+00
   6   6   1   0.00000000000E+00
   3   2   1   1
   1   1   1   0.00000000000E+00
   2   1   1   0.00000000000E+00
   3   1   1   0.00000000000E+00
   4   1   1   0.00000000000E+00
   5   1   1   0.00000000000E+00
   6   1   1   0.00000000000E+00
   1   2   1   0.00000000000E+00
   2   2   1   0.00000000000E+00
   3   2   1   0.00000000000E+00
   4   2   1   0.00000000000E+00
   5   2   1   0.00000000000E+00
   6   2   1   0.00000000000E+00
   1   3   1   0.00000000000E+00
   2   3   1   0.00000000000E+00
   3   3   1   0.00000000000E+00
   4   3   1   0.00000000000E+00
   5   3   1   0.00000000000E+00
   6   3   1   0.00000000000E+00
   1   4   1   0.00000000000E+00
   2   4   1   0.00000000000E+00
   3   4   1   0.00000000000E+00
   4   4   1   0.00000000000E+00
   5   4   1   0.00000000000E+00
   6   4   1   0.00000000000E+00
   1   5   1   0.00000000000E+00
   2   5   1   0.00000000000E+00
   3   5   1   0.00000000000E+00
   4   5   1   0.00000000000E+00
   5   5   1   0.00000000000E+00
   6   5   1   0.00000000000E+00
   1   6   1   0.00000000000E+00
   2   6   1   0.00000000000E+00
   3   6   1   0.00000000000E+00
   4   6   1   0.00000000000E+00
   5   6   1   0.00000000000E+00
   6   6   1   0.00000000000E+00
   3   2   1   2
   1   1   1   0.00000000000E+00
   2   1   1   0.00000000000E+00
   3   1   1   0.00000000000E+00
   4   1   1   0.00000000000E+00
   5   1   1   0.00000000000E+00
   6   1   1   0.00000000000E+00
   1   2   1   0.00000000000E+00
   2   2   1   0.00000000000E+00
   3   2   1   0.00000000000E+00
   4   2   1   0.00000000000E+00
   5   2   1   0.00000000000E+00
   6   2   1   0.00000000000E+00
   1   3   1   0.00000000000E+00
   2   3   1   0.00000000000E+00
   3   3   1   0.00000000000E+00
   4   3   1   0.00000000000E+00
   5   3   1   0.00000000000E+00
   6   3   1   0.00000000000E+00
   1   4   1   0.00000000000E+00
   2   4   1   0.00000000000E+00
   3   4   1   0.00000000000E+00
   4   4   1   0.00000000000E+00
   5   4   1   0.00000000000E+00
   6   4   1   0.00000000000E+00
   1   5   1   0.00000000000E+00
   2   5   1   0.00000000000E+00
   3   5   1   0.00000000000E+00
   4   5   1   0.00000000000E+00
   5   5   1   0.00000000000E+00
   6   5   1   0.00000000000E+00
   1   6   1   0.00000000000E+00
   2   6   1   0.00000000000E+00
   3   6   1   0.00000000000E+00
   4   6   1   0.00000000000E+00
   5   6   1   0.00000000000E+00
   6   6   1   0.00000000000E+00
   3   2   2   1
   1   1   1   0.00000000000E+00
   2   1   1   0.00000000000E+00
   3   1   1   0.00000000000E+00
   4   1   1   0.00000000000E+00
   5   1   1   0.00000000000E+00
   6   1   1   0.00000000000E+00
   1   2   1   0.00000000000E+00
   2   2   1   0.00000000000E+00
   3   2   1   0.00000000000E+00
   4   2   1   0.00000000000E+00
   5   2   1   0.00000000000E+00
   6   2   1   0.00000000000E+00
   1   3   1   0.00000000000E+00
   2   3   1   0.00000000000E+00
   3   3   1   0.00000000000E+00
   4   3   1   0.00000000000E+00
   5   3   1   0.00000000000E+00
   6   3   1   0.00000000000E+00
   1   4   1   0.00000000000E+00
   2   4   1   0.00000000000E+00
   3   4   1   0.00000000000E+00
   4   4   1   0.00000000000E+00
   5   4   1   0.00000000000E+00
   6   4   1   0.00000000000E+00
   1   5   1   0.00000000000E+00
   2   5   1   0.00000000000E+00
   3   5   1   0.00000000000E+00
   4   5   1   0.00000000000E+00
   5   5   1   0.00000000000E+00
   6   5   1   0.00000000000E+00
   1   6   1   0.00000000000E+00
   2   6   1   0.00000000000E+00
   3   6   1   0.00000000000E+00
   4   6   1   0.00000000000E+00
   5   6   1   0.00000000000E+00
   6   6   1   0.00000000000E+00
   3   2   2   2
   1   1   1   0.00000000000E+00
   2   1   1   0.00000000000E+00
   3   1   1   0.00000000000E+00
   4   1   1   0.00000000000E+00
   5   1   1   0.00000000000E+00
   6   1   1   0.00000000000E+00
   1   2   1   0.00000000000E+00
   2   2   1   0.00000000000E+00
   3   2   1   0.00000000000E+00
   4   2   1   0.00000000000E+00
   5   2   1   0.00000000000E+00
   6   2   1   0.00000000000E+00
   1   3   1   0.00000000000E+00
   2   3   1   0.00000000000E+00
   3   3   1   0.00000000000E+00
   4   3   1   0.00000000000E+00
   5   3   1   0.00000000000E+00
   6   3   1   0.00000000000E+00
   1   4   1   0.00000000000E+00
   2   4   1   0.00000000000E+00
   3   4   1   0.00000000000E+00
   4   4   1   0.00000000000E+00
   5   4   1   0.00000000000E+00
   6   4   1   0.00000000000E+00
   1   5   1   0.00000000000E+00
   2   5   1   0.00000000000E+00
   3   5   1   0.00000000000E+00
   4   5   1   0.00000000000E+00
   5   5   1   0.00000000000E+00
   6   5   1   0.00000000000E+00
   1   6   1   0.00000000000E+00
   2   6   1   0.00000000000E+00
   3   6   1   0.00000000000E+00
   4   6   1   0.00000000000E+00
   5   6   1   0.00000000000E+00
   6   6   1   0.00000000000E+00
   3   3   1   1
   1   1   1   4.42950444444E-03
   2   1   1  -1.56420083333E-03
   3   1   1   9.42869444444E-05
   4   1   1   1.65656666667E-04
   5   1   1   9.42869444444E-05
   6   1   1  -1.56420083333E-03
   1   2   1  -1.56420083333E-03
   2   2   1  -1.56420083333E-03
   3   2   1   1.14908666667E-03
   4   2   1  -3.21155833333E-04
   5   2   1  -3.21155833333E-04
   6   2   1   1.14908666667E-03
   1   3   1   9.42869444444E-05
   2   3   1   1.14908666667E-03
   3   3   1   9.42869444444E-05
   4   3   1  -3.21155833333E-04
   5   3   1   4.26424444444E-04
   6   3   1  -3.21155833333E-04
   1   4   1   1.65656666667E-04
   2   4   1  -3.21155833333E-04
   3   4   1  -3.21155833333E-04
   4   4   1   1.65656666667E-04
   5   4   1  -3.21155833333E-04
   6   4   1  -3.21155833333E-04
   1   5   1   9.42869444444E-05
   2   5   1  -3.21155833333E-04
   3   5   1   4.26424444444E-04
   4   5   1  -3.21155833333E-04
   5   5   1   9.42869444444E-05
   6   5   1   1.14908666667E-03
   1   6   1  -1.56420083333E-03
   2   6   1   1.14908666667E-03
   3   6   1  -3.21155833333E-04
   4   6   1  -3.21155833333E-04
   5   6   1   1.14908666667E-03
   6   6   1  -1.56420083333E-03
   3   3   1   2
   1   1   1  -1.12720555556E-04
   2   1   1  -1.12719341347E-04
   3   1   1  -2.15428787171E-04
   4   1   1   4.61916666667E-05
   5   1   1   4.61926760600E-05
   6   1   1  -2.15428991986E-04
   1   2   1  -2.15428991986E-04
   2   2   1   4.47323611111E-04
   3   2   1  -2.15429761514E-04
   4   2   1   3.07875138824E-04
   5   2   1  -1.64516759228E-04
   6   2   1   3.07876572519E-04
   1   3   1   4.61926760600E-05
   2   3   1  -9.66919051526E-05
   3   3   1  -9.66930555556E-05
   4   3   1   4.61919176553E-05
   5   3   1  -1.64516367230E-04
   6   3   1  -1.64516759228E-04
   1   4   1   4.61916666667E-05
   2   4   1   3.43987500652E-05
   3   4   1   1.96097490114E-05
   4   4   1   3.43994444444E-05
   5   4   1   4.61919176553E-05
   6   4   1   3.07875138824E-04
   1   5   1  -2.15428787171E-04
   2   5   1  -9.66915741049E-05
   3   5   1   1.96102561190E-05
   4   5   1   1.96097490114E-05
   5   5   1  -9.66930555556E-05
   6   5   1  -2.15429761514E-04
   1   6   1  -1.12719341347E-04
   2   6   1   4.47323983036E-04
   3   6   1  -9.66915741049E-05
   4   6   1   3.43987500652E-05
   5   6   1  -9.66919051526E-05
   6   6   1   4.47323611111E-04
   3   3   2   1
   1   1   1  -1.12720555556E-04
   2   1   1  -2.15428991986E-04
   3   1   1   4.61926760600E-05
   4   1   1   4.61916666667E-05
   5   1   1  -2.15428787171E-04
   6   1   1  -1.12719341347E-04
   1   2   1  -1.12719341347E-04
   2   2   1   4.47323611111E-04
   3   2   1  -9.66919051526E-05
   4   2   1   3.43987500652E-05
   5   2   1  -9.66915741049E-05
   6   2   1   4.47323983036E-04
   1   3   1  -2.15428787171E-04
   2   3   1  -2.15429761514E-04
   3   3   1  -9.66930555556E-05
   4   3   1   1.96097490114E-05
   5   3   1   1.96102561190E-05
   6   3   1  -9.66915741049E-05
   1   4   1   4.61916666667E-05
   2   4   1   3.07875138824E-04
   3   4   1   4.61919176553E-05
   4   4   1   3.43994444444E-05
   5   4   1   1.96097490114E-05
   6   4   1   3.43987500652E-05
   1   5   1   4.61926760600E-05
   2   5   1  -1.64516759228E-04
   3   5   1  -1.64516367230E-04
   4   5   1   4.61919176553E-05
   5   5   1  -9.66930555556E-05
   6   5   1  -9.66919051526E-05
   1   6   1  -2.15428991986E-04
   2   6   1   3.07876572519E-04
   3   6   1  -1.64516759228E-04
   4   6   1   3.07875138824E-04
   5   6   1  -2.15429761514E-04
   6   6   1   4.47323611111E-04
   3   3   2   2
   1   1   1   4.42950444444E-03
   2   1   1  -1.56420083333E-03
   3   1   1   9.42869444444E-05
   4   1   1   1.65656666667E-04
   5   1   1   9.42869444444E-05
   6   1   1  -1.56420083333E-03
   1   2   1  -1.56420083333E-03
   2   2   1  -1.56420083333E-03
   3   2   1   1.14908666667E-03
   4   2   1  -3.21155833333E-04
   5   2   1  -3.21155833333E-04
   6   2   1   1.14908666667E-03
   1   3   1   9.42869444444E-05
   2   3   1   1.14908666667E-03
   3   3   1   9.42869444444E-05
   4   3   1  -3.21155833333E-04
   5   3   1   4.26424444444E-04
   6   3   1  -3.21155833333E-04
   1   4   1   1.65656666667E-04
   2   4   1  -3.21155833333E-04
   3   4   1  -3.21155833333E-04
   4   4   1   1.65656666667E-04
   5   4   1  -3.21155833333E-04
   6   4   1  -3.21155833333E-04
   1   5   1   9.42869444444E-05
   2   5   1  -3.21155833333E-04
   3   5   1   4.26424444444E-04
   4   5   1  -3.21155833333E-04
   5   5   1   9.42869444444E-05
   6   5   1   1.14908666667E-03
   1   6   1  -1.56420083333E-03
   2   6   1   1.14908666667E-03
   3   6   1  -3.21155833333E-04
   4   6   1  -3.21155833333E-04
   5   6   1   1.14908666667E-03
   6   6   1  -1.56420083333E-03
