  0.180000000000000      -0.317970146448310        1.46300394441216     
   6   6   1
   1   1   1   1
   1   1   1   1.34477168333E-01
   2   1   1   3.06921041667E-02
   3   1   1   9.63480833333E-04
   4   1   1  -7.78811666667E-04
   5   1   1   9.63480833333E-04
   6   1   1   3.06921041667E-02
   1   2   1   1.17943788889E-02
   2   2   1   1.17943788889E-02
   3   2   1   1.34716305556E-02
   4   2   1   2.93919722222E-03
   5   2   1   2.93919722222E-03
   6   2   1   1.34716305556E-02
   1   3   1   7.15558333333E-04
   2   3   1   2.66781666667E-03
   3   3   1   7.15558333333E-04
   4   3   1   2.52288000000E-03
   5   3   1   1.44733333333E-03
   6   3   1   2.52288000000E-03
   1   4   1  -3.55444444444E-06
   2   4   1   7.58413055556E-04
   3   4   1   7.58413055556E-04
   4   4   1  -3.55444444445E-06
   5   4   1   7.58413055556E-04
   6   4   1   7.58413055556E-04
   1   5   1   7.15558333333E-04
   2   5   1   2.52288000000E-03
   3   5   1   1.44733333333E-03
   4   5   1   2.52288000000E-03
   5   5   1   7.15558333333E-04
   6   5   1   2.66781666667E-03
   1   6   1   1.17943788889E-02
   2   6   1   1.34716305556E-02
   3   6   1   2.93919722222E-03
   4   6   1   2.93919722222E-03
   5   6   1   1.34716305556E-02
   6   6   1   1.17943788889E-02
   1   1   1   2
   1   1   1  -8.41548758333E-02
   2   1   1  -8.41548767596E-02
   3   1   1  -1.11544613658E-02
   4   1   1   1.63189722222E-04
   5   1   1   1.63189699095E-04
   6   1   1  -1.11544604626E-02
   1   2   1  -1.93737204705E-02
   2   2   1   4.78499582005E-03
   3   2   1  -1.93737202261E-02
   4   2   1  -9.34192343872E-03
   5   2   1  -2.87436472534E-03
   6   2   1  -9.34192255337E-03
   1   3   1  -1.17963035390E-03
   2   3   1  -1.63479367083E-03
   3   3   1  -1.63479270078E-03
   4   3   1  -1.17963059724E-03
   5   3   1  -2.31992599625E-03
   6   3   1  -2.31992478286E-03
   1   4   1  -3.70816944444E-04
   2   4   1  -7.81608970608E-04
   3   4   1  -2.39753135473E-04
   4   4   1  -7.81608055556E-04
   5   4   1  -3.70817420082E-04
   6   4   1  -6.39827140503E-04
   1   5   1  -1.73018964610E-03
   2   5   1  -1.90723577269E-03
   3   5   1  -1.40072567042E-03
   4   5   1  -1.40072495832E-03
   5   5   1  -1.90723563255E-03
   6   5   1  -1.73019021806E-03
   1   6   1  -5.11851508503E-03
   2   6   1  -1.55841768911E-02
   3   6   1  -6.02493916355E-03
   4   6   1  -1.50530767239E-03
   5   6   1  -6.02494032947E-03
   6   6   1  -1.55841785978E-02
   1   1   2   1
   1   1   1  -8.41548758333E-02
   2   1   1  -1.11544604626E-02
   3   1   1   1.63189699095E-04
   4   1   1   1.63189722222E-04
   5   1   1  -1.11544613658E-02
   6   1   1  -8.41548767596E-02
   1   2   1  -5.11851508503E-03
   2   2   1  -1.55841785978E-02
   3   2   1  -6.02494032947E-03
   4   2   1  -1.50530767239E-03
   5   2   1  -6.02493916355E-03
   6   2   1  -1.55841768911E-02
   1   3   1  -1.73018964610E-03
   2   3   1  -1.73019021806E-03
   3   3   1  -1.90723563255E-03
   4   3   1  -1.40072495832E-03
   5   3   1  -1.40072567042E-03
   6   3   1  -1.90723577269E-03
   1   4   1  -3.70816944444E-04
   2   4   1  -6.39827140503E-04
   3   4   1  -3.70817420082E-04
   4   4   1  -7.81608055556E-04
   5   4   1  -2.39753135473E-04
   6   4   1  -7.81608970608E-04
   1   5   1  -1.17963035390E-03
   2   5   1  -2.31992478286E-03
   3   5   1  -2.31992599625E-03
   4   5   1  -1.17963059724E-03
   5   5   1  -1.63479270078E-03
   6   5   1  -1.63479367083E-03
   1   6   1  -1.93737204705E-02
   2   6   1  -9.34192255337E-03
   3   6   1  -2.87436472534E-03
   4   6   1  -9.34192343872E-03
   5   6   1  -1.93737202261E-02
   6   6   1   4.78499582005E-03
   1   1   2   2
   1   1   1   1.34477168333E-01
   2   1   1   3.06921041667E-02
   3   1   1   9.63480833333E-04
   4   1   1  -7.78811666667E-04
   5   1   1   9.63480833333E-04
   6   1   1   3.06921041667E-02
   1   2   1   1.17943788889E-02
   2   2   1   1.17943788889E-02
   3   2   1   1.34716305556E-02
   4   2   1   2.93919722222E-03
   5   2   1   2.93919722222E-03
   6   2   1   1.34716305556E-02
   1   3   1   7.15558333333E-04
   2   3   1   2.66781666667E-03
   3   3   1   7.15558333333E-04
   4   3   1   2.52288000000E-03
   5   3   1   1.44733333333E-03
   6   3   1   2.52288000000E-03
   1   4   1  -3.55444444444E-06
   2   4   1   7.58413055556E-04
   3   4   1   7.58413055556E-04
   4   4   1  -3.55444444445E-06
   5   4   1   7.58413055556E-04
   6   4   1   7.58413055556E-04
   1   5   1   7.15558333333E-04
   2   5   1   2.52288000000E-03
   3   5   1   1.44733333333E-03
   4   5   1   2.52288000000E-03
   5   5   1   7.15558333333E-04
   6   5   1   2.66781666667E-03
   1   6   1   1.17943788889E-02
   2   6   1   1.34716305556E-02
   3   6   1   2.93919722222E-03
   4   6   1   2.93919722222E-03
   5   6   1   1.34716305556E-02
   6   6   1   1.17943788889E-02
   1   2   1   1
   1   1   1  -7.70988211545E-19
   2   1   1  -1.71206852230E-02
   3   1   1  -8.96243916874E-04
   4   1   1  -1.92747052886E-19
   5   1   1   8.96243916874E-04
   6   1   1   1.71206852230E-02
   1   2   1  -2.80312918897E-02
   2   2   1   2.80312918897E-02
   3   2   1   6.23758500000E-03
   4   2   1   4.44804776164E-04
   5   2   1  -4.44804776164E-04
   6   2   1  -6.23758500000E-03
   1   3   1  -1.03938225021E-03
   2   3   1  -7.50794020297E-20
   3   3   1   1.03938225021E-03
   4   3   1   1.83298689050E-03
   5   3   1  -2.12865486162E-19
   6   3   1  -1.83298689050E-03
   1   4   1   4.47595000000E-04
   2   4   1  -8.14271890502E-04
   3   4   1   8.14271890502E-04
   4   4   1  -4.47595000000E-04
   5   4   1  -3.33548557169E-04
   6   4   1   3.33548557169E-04
   1   5   1   7.53105583540E-04
   2   5   1  -6.85166442831E-04
   3   5   1  -1.02188810865E-19
   4   5   1   6.85166442831E-04
   5   5   1  -7.53105583540E-04
   6   5   1  -4.97795646761E-19
   1   6   1   6.21007855635E-03
   2   6   1  -6.23758500000E-03
   3   6   1  -1.59262522384E-03
   4   6   1   1.59262522384E-03
   5   6   1   6.23758500000E-03
   6   6   1  -6.21007855635E-03
   1   2   1   2
   1   1   1   4.56316638889E-02
   2   1   1  -4.56316645539E-02
   3   1   1  -1.01864961775E-02
   4   1   1  -4.66968333333E-04
   5   1   1   4.66967288645E-04
   6   1   1   1.01864978873E-02
   1   2   1   5.44110539183E-03
   2   2   1  -7.19776488213E-10
   3   2   1  -5.44110527591E-03
   4   2   1  -5.02415705649E-03
   5   2   1  -1.15919459341E-10
   6   2   1   5.02415777627E-03
   1   3   1  -3.08310180758E-04
   2   3   1   2.37735902058E-03
   3   3   1  -2.37735766186E-03
   4   3   1   3.08309894094E-04
   5   3   1  -3.20106138205E-04
   6   3   1   3.20105066150E-04
   1   4   1  -7.75276666667E-04
   2   4   1   4.17828083795E-04
   3   4   1  -4.10903272827E-10
   4   4   1  -4.17827777778E-04
   5   4   1   7.75277077570E-04
   6   4   1  -3.06017378875E-10
   1   5   1  -4.74539037480E-03
   2   5   1   2.53465326718E-03
   3   5   1   6.70287249316E-04
   4   5   1  -6.70288227427E-04
   5   5   1  -2.53465289370E-03
   6   5   1   4.74539097942E-03
   1   6   1  -3.91833081402E-10
   2   6   1   1.17601466682E-02
   3   6   1   1.57295115919E-04
   4   6   1  -1.65729263553E-10
   5   6   1  -1.57294724086E-04
   6   6   1  -1.17601465024E-02
   1   2   2   1
   1   1   1   4.56316638889E-02
   2   1   1   1.01864978873E-02
   3   1   1   4.66967288645E-04
   4   1   1  -4.66968333333E-04
   5   1   1  -1.01864961775E-02
   6   1   1  -4.56316645539E-02
   1   2   1  -3.91833081402E-10
   2   2   1  -1.17601465024E-02
   3   2   1  -1.57294724086E-04
   4   2   1  -1.65729263553E-10
   5   2   1   1.57295115919E-04
   6   2   1   1.17601466682E-02
   1   3   1  -4.74539037480E-03
   2   3   1   4.74539097942E-03
   3   3   1  -2.53465289370E-03
   4   3   1  -6.70288227427E-04
   5   3   1   6.70287249316E-04
   6   3   1   2.53465326718E-03
   1   4   1  -7.75276666667E-04
   2   4   1  -3.06017378875E-10
   3   4   1   7.75277077570E-04
   4   4   1  -4.17827777778E-04
   5   4   1  -4.10903272827E-10
   6   4   1   4.17828083795E-04
   1   5   1  -3.08310180758E-04
   2   5   1   3.20105066150E-04
   3   5   1  -3.20106138205E-04
   4   5   1   3.08309894094E-04
   5   5   1  -2.37735766186E-03
   6   5   1   2.37735902058E-03
   1   6   1   5.44110539183E-03
   2   6   1   5.02415777627E-03
   3   6   1  -1.15919459341E-10
   4   6   1  -5.02415705649E-03
   5   6   1  -5.44110527591E-03
   6   6   1  -7.19776488213E-10
   1   2   2   2
   1   1   1  -7.70988211545E-19
   2   1   1   1.71206852230E-02
   3   1   1   8.96243916874E-04
   4   1   1  -1.92747052886E-19
   5   1   1  -8.96243916874E-04
   6   1   1  -1.71206852230E-02
   1   2   1   6.21007855635E-03
   2   2   1  -6.21007855635E-03
   3   2   1   6.23758500000E-03
   4   2   1   1.59262522384E-03
   5   2   1  -1.59262522384E-03
   6   2   1  -6.23758500000E-03
   1   3   1   7.53105583540E-04
   2   3   1  -4.97795646761E-19
   3   3   1  -7.53105583540E-04
   4   3   1   6.85166442831E-04
   5   3   1  -1.02188810865E-19
   6   3   1  -6.85166442831E-04
   1   4   1   4.47595000000E-04
   2   4   1   3.33548557169E-04
   3   4   1  -3.33548557169E-04
   4   4   1  -4.47595000000E-04
   5   4   1   8.14271890502E-04
   6   4   1  -8.14271890502E-04
   1   5   1  -1.03938225021E-03
   2   5   1  -1.83298689050E-03
   3   5   1  -2.12865486162E-19
   4   5   1   1.83298689050E-03
   5   5   1   1.03938225021E-03
   6   5   1  -7.50794020297E-20
   1   6   1  -2.80312918897E-02
   2   6   1  -6.23758500000E-03
   3   6   1  -4.44804776164E-04
   4   6   1   4.44804776164E-04
   5   6   1   6.23758500000E-03
   6   6   1   2.80312918897E-02
   1   3   1   1
   1   1   1   0.00000000000E+00
   2   1   1   0.00000000000E+00
   3   1   1   0.00000000000E+00
   4   1   1   0.00000000000E+00
   5   1   1   0.00000000000E+00
   6   1   1   0.00000000000E+00
   1   2   1   0.00000000000E+00
   2   2   1   0.00000000000E+00
   3   2   1   0.00000000000E+00
   4   2   1   0.00000000000E+00
   5   2   1   0.00000000000E+00
   6   2   1   0.00000000000E+00
   1   3   1   0.00000000000E+00
   2   3   1   0.00000000000E+00
   3   3   1   0.00000000000E+00
   4   3   1   0.00000000000E+00
   5   3   1   0.00000000000E+00
   6   3   1   0.00000000000E+00
   1   4   1   0.00000000000E+00
   2   4   1   0.00000000000E+00
   3   4   1   0.00000000000E+00
   4   4   1   0.00000000000E+00
   5   4   1   0.00000000000E+00
   6   4   1   0.00000000000E+00
   1   5   1   0.00000000000E+00
   2   5   1   0.00000000000E+00
   3   5   1   0.00000000000E+00
   4   5   1   0.00000000000E+00
   5   5   1   0.00000000000E+00
   6   5   1   0.00000000000E+00
   1   6   1   0.00000000000E+00
   2   6   1   0.00000000000E+00
   3   6   1   0.00000000000E+00
   4   6   1   0.00000000000E+00
   5   6   1   0.00000000000E+00
   6   6   1   0.00000000000E+00
   1   3   1   2
   1   1   1   0.00000000000E+00
   2   1   1   0.00000000000E+00
   3   1   1   0.00000000000E+00
   4   1   1   0.00000000000E+00
   5   1   1   0.00000000000E+00
   6   1   1   0.00000000000E+00
   1   2   1   0.00000000000E+00
   2   2   1   0.00000000000E+00
   3   2   1   0.00000000000E+00
   4   2   1   0.00000000000E+00
   5   2   1   0.00000000000E+00
   6   2   1   0.00000000000E+00
   1   3   1   0.00000000000E+00
   2   3   1   0.00000000000E+00
   3   3   1   0.00000000000E+00
   4   3   1   0.00000000000E+00
   5   3   1   0.00000000000E+00
   6   3   1   0.00000000000E+00
   1   4   1   0.00000000000E+00
   2   4   1   0.00000000000E+00
   3   4   1   0.00000000000E+00
   4   4   1   0.00000000000E+00
   5   4   1   0.00000000000E+00
   6   4   1   0.00000000000E+00
   1   5   1   0.00000000000E+00
   2   5   1   0.00000000000E+00
   3   5   1   0.00000000000E+00
   4   5   1   0.00000000000E+00
   5   5   1   0.00000000000E+00
   6   5   1   0.00000000000E+00
   1   6   1   0.00000000000E+00
   2   6   1   0.00000000000E+00
   3   6   1   0.00000000000E+00
   4   6   1   0.00000000000E+00
   5   6   1   0.00000000000E+00
   6   6   1   0.00000000000E+00
   1   3   2   1
   1   1   1   0.00000000000E+00
   2   1   1   0.00000000000E+00
   3   1   1   0.00000000000E+00
   4   1   1   0.00000000000E+00
   5   1   1   0.00000000000E+00
   6   1   1   0.00000000000E+00
   1   2   1   0.00000000000E+00
   2   2   1   0.00000000000E+00
   3   2   1   0.00000000000E+00
   4   2   1   0.00000000000E+00
   5   2   1   0.00000000000E+00
   6   2   1   0.00000000000E+00
   1   3   1   0.00000000000E+00
   2   3   1   0.00000000000E+00
   3   3   1   0.00000000000E+00
   4   3   1   0.00000000000E+00
   5   3   1   0.00000000000E+00
   6   3   1   0.00000000000E+00
   1   4   1   0.00000000000E+00
   2   4   1   0.00000000000E+00
   3   4   1   0.00000000000E+00
   4   4   1   0.00000000000E+00
   5   4   1   0.00000000000E+00
   6   4   1   0.00000000000E+00
   1   5   1   0.00000000000E+00
   2   5   1   0.00000000000E+00
   3   5   1   0.00000000000E+00
   4   5   1   0.00000000000E+00
   5   5   1   0.00000000000E+00
   6   5   1   0.00000000000E+00
   1   6   1   0.00000000000E+00
   2   6   1   0.00000000000E+00
   3   6   1   0.00000000000E+00
   4   6   1   0.00000000000E+00
   5   6   1   0.00000000000E+00
   6   6   1   0.00000000000E+00
   1   3   2   2
   1   1   1   0.00000000000E+00
   2   1   1   0.00000000000E+00
   3   1   1   0.00000000000E+00
   4   1   1   0.00000000000E+00
   5   1   1   0.00000000000E+00
   6   1   1   0.00000000000E+00
   1   2   1   0.00000000000E+00
   2   2   1   0.00000000000E+00
   3   2   1   0.00000000000E+00
   4   2   1   0.00000000000E+00
   5   2   1   0.00000000000E+00
   6   2   1   0.00000000000E+00
   1   3   1   0.00000000000E+00
   2   3   1   0.00000000000E+00
   3   3   1   0.00000000000E+00
   4   3   1   0.00000000000E+00
   5   3   1   0.00000000000E+00
   6   3   1   0.00000000000E+00
   1   4   1   0.00000000000E+00
   2   4   1   0.00000000000E+00
   3   4   1   0.00000000000E+00
   4   4   1   0.00000000000E+00
   5   4   1   0.00000000000E+00
   6   4   1   0.00000000000E+00
   1   5   1   0.00000000000E+00
   2   5   1   0.00000000000E+00
   3   5   1   0.00000000000E+00
   4   5   1   0.00000000000E+00
   5   5   1   0.00000000000E+00
   6   5   1   0.00000000000E+00
   1   6   1   0.00000000000E+00
   2   6   1   0.00000000000E+00
   3   6   1   0.00000000000E+00
   4   6   1   0.00000000000E+00
   5   6   1   0.00000000000E+00
   6   6   1   0.00000000000E+00
   2   1   1   1
   1   1   1  -7.70988211545E-19
   2   1   1   1.71206852230E-02
   3   1   1   8.96243916874E-04
   4   1   1  -1.92747052886E-19
   5   1   1  -8.96243916874E-04
   6   1   1  -1.71206852230E-02
   1   2   1   6.21007855635E-03
   2   2   1  -6.21007855635E-03
   3   2   1   6.23758500000E-03
   4   2   1   1.59262522384E-03
   5   2   1  -1.59262522384E-03
   6   2   1  -6.23758500000E-03
   1   3   1   7.53105583540E-04
   2   3   1  -4.97795646761E-19
   3   3   1  -7.53105583540E-04
   4   3   1   6.85166442831E-04
   5   3   1  -1.02188810865E-19
   6   3   1  -6.85166442831E-04
   1   4   1   4.47595000000E-04
   2   4   1   3.33548557169E-04
   3   4   1  -3.33548557169E-04
   4   4   1  -4.47595000000E-04
   5   4   1   8.14271890502E-04
   6   4   1  -8.14271890502E-04
   1   5   1  -1.03938225021E-03
   2   5   1  -1.83298689050E-03
   3   5   1  -2.12865486162E-19
   4   5   1   1.83298689050E-03
   5   5   1   1.03938225021E-03
   6   5   1  -7.50794020297E-20
   1   6   1  -2.80312918897E-02
   2   6   1  -6.23758500000E-03
   3   6   1  -4.44804776164E-04
   4   6   1   4.44804776164E-04
   5   6   1   6.23758500000E-03
   6   6   1   2.80312918897E-02
   2   1   1   2
   1   1   1   4.56316638889E-02
   2   1   1  -4.56316645539E-02
   3   1   1  -1.01864961775E-02
   4   1   1  -4.66968333333E-04
   5   1   1   4.66967288645E-04
   6   1   1   1.01864978873E-02
   1   2   1   5.44110539183E-03
   2   2   1  -7.19776488213E-10
   3   2   1  -5.44110527591E-03
   4   2   1  -5.02415705649E-03
   5   2   1  -1.15919459341E-10
   6   2   1   5.02415777627E-03
   1   3   1  -3.08310180758E-04
   2   3   1   2.37735902058E-03
   3   3   1  -2.37735766186E-03
   4   3   1   3.08309894094E-04
   5   3   1  -3.20106138205E-04
   6   3   1   3.20105066150E-04
   1   4   1  -7.75276666667E-04
   2   4   1   4.17828083795E-04
   3   4   1  -4.10903272827E-10
   4   4   1  -4.17827777778E-04
   5   4   1   7.75277077570E-04
   6   4   1  -3.06017378875E-10
   1   5   1  -4.74539037480E-03
   2   5   1   2.53465326718E-03
   3   5   1   6.70287249316E-04
   4   5   1  -6.70288227427E-04
   5   5   1  -2.53465289370E-03
   6   5   1   4.74539097942E-03
   1   6   1  -3.91833081402E-10
   2   6   1   1.17601466682E-02
   3   6   1   1.57295115919E-04
   4   6   1  -1.65729263553E-10
   5   6   1  -1.57294724086E-04
   6   6   1  -1.17601465024E-02
   2   1   2   1
   1   1   1   4.56316638889E-02
   2   1   1   1.01864978873E-02
   3   1   1   4.66967288645E-04
   4   1   1  -4.66968333333E-04
   5   1   1  -1.01864961775E-02
   6   1   1  -4.56316645539E-02
   1   2   1  -3.91833081402E-10
   2   2   1  -1.17601465024E-02
   3   2   1  -1.57294724086E-04
   4   2   1  -1.65729263553E-10
   5   2   1   1.57295115919E-04
   6   2   1   1.17601466682E-02
   1   3   1  -4.74539037480E-03
   2   3   1   4.74539097942E-03
   3   3   1  -2.53465289370E-03
   4   3   1  -6.70288227427E-04
   5   3   1   6.70287249316E-04
   6   3   1   2.53465326718E-03
   1   4   1  -7.75276666667E-04
   2   4   1  -3.06017378875E-10
   3   4   1   7.75277077570E-04
   4   4   1  -4.17827777778E-04
   5   4   1  -4.10903272827E-10
   6   4   1   4.17828083795E-04
   1   5   1  -3.08310180758E-04
   2   5   1   3.20105066150E-04
   3   5   1  -3.20106138205E-04
   4   5   1   3.08309894094E-04
   5   5   1  -2.37735766186E-03
   6   5   1   2.37735902058E-03
   1   6   1   5.44110539183E-03
   2   6   1   5.02415777627E-03
   3   6   1  -1.15919459341E-10
   4   6   1  -5.02415705649E-03
   5   6   1  -5.44110527591E-03
   6   6   1  -7.19776488213E-10
   2   1   2   2
   1   1   1  -7.70988211545E-19
   2   1   1  -1.71206852230E-02
   3   1   1  -8.96243916874E-04
   4   1   1  -1.92747052886E-19
   5   1   1   8.96243916874E-04
   6   1   1   1.71206852230E-02
   1   2   1  -2.80312918897E-02
   2   2   1   2.80312918897E-02
   3   2   1   6.23758500000E-03
   4   2   1   4.44804776164E-04
   5   2   1  -4.44804776164E-04
   6   2   1  -6.23758500000E-03
   1   3   1  -1.03938225021E-03
   2   3   1  -7.50794020297E-20
   3   3   1   1.03938225021E-03
   4   3   1   1.83298689050E-03
   5   3   1  -2.12865486162E-19
   6   3   1  -1.83298689050E-03
   1   4   1   4.47595000000E-04
   2   4   1  -8.14271890502E-04
   3   4   1   8.14271890502E-04
   4   4   1  -4.47595000000E-04
   5   4   1  -3.33548557169E-04
   6   4   1   3.33548557169E-04
   1   5   1   7.53105583540E-04
   2   5   1  -6.85166442831E-04
   3   5   1  -1.02188810865E-19
   4   5   1   6.85166442831E-04
   5   5   1  -7.53105583540E-04
   6   5   1  -4.97795646761E-19
   1   6   1   6.21007855635E-03
   2   6   1  -6.23758500000E-03
   3   6   1  -1.59262522384E-03
   4   6   1   1.59262522384E-03
   5   6   1   6.23758500000E-03
   6   6   1  -6.21007855635E-03
   2   2   1   1
   1   1   1   1.34477168056E-01
   2   1   1   5.49513583333E-03
   3   1   1   6.32918055556E-04
   4   1   1   2.54862500000E-04
   5   1   1   6.32918055556E-04
   6   1   1   5.49513583333E-03
   1   2   1   2.43928625000E-02
   2   2   1   2.43928625000E-02
   3   2   1   6.26908833333E-03
   4   2   1   1.20779583333E-03
   5   2   1   1.20779583333E-03
   6   2   1   6.26908833333E-03
   1   3   1   8.80839722222E-04
   2   3   1   1.70729033333E-02
   3   3   1   8.80839722222E-04
   4   3   1   1.62411416667E-03
   5   3   1   1.44733222222E-03
   6   3   1   1.62411416667E-03
   1   4   1  -5.20392500000E-04
   2   4   1   3.38858083333E-03
   3   4   1   3.38858083333E-03
   4   4   1  -5.20392500000E-04
   5   4   1   3.38858083333E-03
   6   4   1   3.38858083333E-03
   1   5   1   8.80839722222E-04
   2   5   1   1.62411416667E-03
   3   5   1   1.44733222222E-03
   4   5   1   1.62411416667E-03
   5   5   1   8.80839722222E-04
   6   5   1   1.70729033333E-02
   1   6   1   2.43928625000E-02
   2   6   1   6.26908833333E-03
   3   6   1   1.20779583333E-03
   4   6   1   1.20779583333E-03
   5   6   1   6.26908833333E-03
   6   6   1   2.43928625000E-02
   2   2   1   2
   1   1   1  -3.14639702778E-02
   2   1   1  -3.14639708008E-02
   3   1   1  -1.03511211240E-02
   4   1   1  -1.08802916667E-03
   5   1   1  -1.08802776486E-03
   6   1   1  -1.03511191992E-02
   1   2   1  -2.13186167136E-03
   2   2   1  -2.23739022834E-02
   3   2   1  -2.13185973641E-03
   4   2   1  -3.54052552176E-03
   5   2   1  -2.13511273525E-03
   6   2   1  -3.54052437867E-03
   1   3   1   2.54791325885E-04
   2   3   1  -4.74318651553E-03
   3   3   1  -4.74318542921E-03
   4   3   1   2.54792126050E-04
   5   3   1  -2.68955048384E-03
   6   3   1  -2.68955019768E-03
   1   4   1  -5.54021388889E-04
   2   4   1  -1.26407358672E-03
   3   4   1  -1.78771617112E-03
   4   4   1  -1.26407472222E-03
   5   4   1  -5.54021606659E-04
   6   4   1  -1.22426208577E-02
   1   5   1  -1.97753918814E-02
   2   5   1  -4.47074313566E-03
   3   5   1  -6.26743405052E-04
   4   5   1  -6.26743792716E-04
   5   5   1  -4.47074345968E-03
   6   5   1  -1.97753918178E-02
   1   6   1  -1.10500331106E-01
   2   6   1  -2.00472839911E-03
   3   6   1  -3.53038375859E-04
   4   6   1  -5.40373922687E-04
   5   6   1  -3.53039708035E-04
   6   6   1  -2.00472882774E-03
   2   2   2   1
   1   1   1  -3.14639702778E-02
   2   1   1  -1.03511191992E-02
   3   1   1  -1.08802776486E-03
   4   1   1  -1.08802916667E-03
   5   1   1  -1.03511211240E-02
   6   1   1  -3.14639708008E-02
   1   2   1  -1.10500331106E-01
   2   2   1  -2.00472882774E-03
   3   2   1  -3.53039708035E-04
   4   2   1  -5.40373922687E-04
   5   2   1  -3.53038375859E-04
   6   2   1  -2.00472839911E-03
   1   3   1  -1.97753918814E-02
   2   3   1  -1.97753918178E-02
   3   3   1  -4.47074345968E-03
   4   3   1  -6.26743792716E-04
   5   3   1  -6.26743405052E-04
   6   3   1  -4.47074313566E-03
   1   4   1  -5.54021388889E-04
   2   4   1  -1.22426208577E-02
   3   4   1  -5.54021606659E-04
   4   4   1  -1.26407472222E-03
   5   4   1  -1.78771617112E-03
   6   4   1  -1.26407358672E-03
   1   5   1   2.54791325885E-04
   2   5   1  -2.68955019768E-03
   3   5   1  -2.68955048384E-03
   4   5   1   2.54792126050E-04
   5   5   1  -4.74318542921E-03
   6   5   1  -4.74318651553E-03
   1   6   1  -2.13186167136E-03
   2   6   1  -3.54052437867E-03
   3   6   1  -2.13511273525E-03
   4   6   1  -3.54052552176E-03
   5   6   1  -2.13185973641E-03
   6   6   1  -2.23739022834E-02
   2   2   2   2
   1   1   1   1.34477168056E-01
   2   1   1   5.49513583333E-03
   3   1   1   6.32918055556E-04
   4   1   1   2.54862500000E-04
   5   1   1   6.32918055556E-04
   6   1   1   5.49513583333E-03
   1   2   1   2.43928625000E-02
   2   2   1   2.43928625000E-02
   3   2   1   6.26908833333E-03
   4   2   1   1.20779583333E-03
   5   2   1   1.20779583333E-03
   6   2   1   6.26908833333E-03
   1   3   1   8.80839722222E-04
   2   3   1   1.70729033333E-02
   3   3   1   8.80839722222E-04
   4   3   1   1.62411416667E-03
   5   3   1   1.44733222222E-03
   6   3   1   1.62411416667E-03
   1   4   1  -5.20392500000E-04
   2   4   1   3.38858083333E-03
   3   4   1   3.38858083333E-03
   4   4   1  -5.20392500000E-04
   5   4   1   3.38858083333E-03
   6   4   1   3.38858083333E-03
   1   5   1   8.80839722222E-04
   2   5   1   1.62411416667E-03
   3   5   1   1.44733222222E-03
   4   5   1   1.62411416667E-03
   5   5   1   8.80839722222E-04
   6   5   1   1.70729033333E-02
   1   6   1   2.43928625000E-02
   2   6   1   6.26908833333E-03
   3   6   1   1.20779583333E-03
   4   6   1   1.20779583333E-03
   5   6   1   6.26908833333E-03
   6   6   1   2.43928625000E-02
   2   3   1   1
   1   1   1   0.00000000000E+00
   2   1   1   0.00000000000E+00
   3   1   1   0.00000000000E+00
   4   1   1   0.00000000000E+00
   5   1   1   0.00000000000E+00
   6   1   1   0.00000000000E+00
   1   2   1   0.00000000000E+00
   2   2   1   0.00000000000E+00
   3   2   1   0.00000000000E+00
   4   2   1   0.00000000000E+00
   5   2   1   0.00000000000E+00
   6   2   1   0.00000000000E+00
   1   3   1   0.00000000000E+00
   2   3   1   0.00000000000E+00
   3   3   1   0.00000000000E+00
   4   3   1   0.00000000000E+00
   5   3   1   0.00000000000E+00
   6   3   1   0.00000000000E+00
   1   4   1   0.00000000000E+00
   2   4   1   0.00000000000E+00
   3   4   1   0.00000000000E+00
   4   4   1   0.00000000000E+00
   5   4   1   0.00000000000E+00
   6   4   1   0.00000000000E+00
   1   5   1   0.00000000000E+00
   2   5   1   0.00000000000E+00
   3   5   1   0.00000000000E+00
   4   5   1   0.00000000000E+00
   5   5   1   0.00000000000E+00
   6   5   1   0.00000000000E+00
   1   6   1   0.00000000000E+00
   2   6   1   0.00000000000E+00
   3   6   1   0.00000000000E+00
   4   6   1   0.00000000000E+00
   5   6   1   0.00000000000E+00
   6   6   1   0.00000000000E+00
   2   3   1   2
   1   1   1   0.00000000000E+00
   2   1   1   0.00000000000E+00
   3   1   1   0.00000000000E+00
   4   1   1   0.00000000000E+00
   5   1   1   0.00000000000E+00
   6   1   1   0.00000000000E+00
   1   2   1   0.00000000000E+00
   2   2   1   0.00000000000E+00
   3   2   1   0.00000000000E+00
   4   2   1   0.00000000000E+00
   5   2   1   0.00000000000E+00
   6   2   1   0.00000000000E+00
   1   3   1   0.00000000000E+00
   2   3   1   0.00000000000E+00
   3   3   1   0.00000000000E+00
   4   3   1   0.00000000000E+00
   5   3   1   0.00000000000E+00
   6   3   1   0.00000000000E+00
   1   4   1   0.00000000000E+00
   2   4   1   0.00000000000E+00
   3   4   1   0.00000000000E+00
   4   4   1   0.00000000000E+00
   5   4   1   0.00000000000E+00
   6   4   1   0.00000000000E+00
   1   5   1   0.00000000000E+00
   2   5   1   0.00000000000E+00
   3   5   1   0.00000000000E+00
   4   5   1   0.00000000000E+00
   5   5   1   0.00000000000E+00
   6   5   1   0.00000000000E+00
   1   6   1   0.00000000000E+00
   2   6   1   0.00000000000E+00
   3   6   1   0.00000000000E+00
   4   6   1   0.00000000000E+00
   5   6   1   0.00000000000E+00
   6   6   1   0.00000000000E+00
   2   3   2   1
   1   1   1   0.00000000000E+00
   2   1   1   0.00000000000E+00
   3   1   1   0.00000000000E+00
   4   1   1   0.00000000000E+00
   5   1   1   0.00000000000E+00
   6   1   1   0.00000000000E+00
   1   2   1   0.00000000000E+00
   2   2   1   0.00000000000E+00
   3   2   1   0.00000000000E+00
   4   2   1   0.00000000000E+00
   5   2   1   0.00000000000E+00
   6   2   1   0.00000000000E+00
   1   3   1   0.00000000000E+00
   2   3   1   0.00000000000E+00
   3   3   1   0.00000000000E+00
   4   3   1   0.00000000000E+00
   5   3   1   0.00000000000E+00
   6   3   1   0.00000000000E+00
   1   4   1   0.00000000000E+00
   2   4   1   0.00000000000E+00
   3   4   1   0.00000000000E+00
   4   4   1   0.00000000000E+00
   5   4   1   0.00000000000E+00
   6   4   1   0.00000000000E+00
   1   5   1   0.00000000000E+00
   2   5   1   0.00000000000E+00
   3   5   1   0.00000000000E+00
   4   5   1   0.00000000000E+00
   5   5   1   0.00000000000E+00
   6   5   1   0.00000000000E+00
   1   6   1   0.00000000000E+00
   2   6   1   0.00000000000E+00
   3   6   1   0.00000000000E+00
   4   6   1   0.00000000000E+00
   5   6   1   0.00000000000E+00
   6   6   1   0.00000000000E+00
   2   3   2   2
   1   1   1   0.00000000000E+00
   2   1   1   0.00000000000E+00
   3   1   1   0.00000000000E+00
   4   1   1   0.00000000000E+00
   5   1   1   0.00000000000E+00
   6   1   1   0.00000000000E+00
   1   2   1   0.00000000000E+00
   2   2   1   0.00000000000E+00
   3   2   1   0.00000000000E+00
   4   2   1   0.00000000000E+00
   5   2   1   0.00000000000E+00
   6   2   1   0.00000000000E+00
   1   3   1   0.00000000000E+00
   2   3   1   0.00000000000E+00
   3   3   1   0.00000000000E+00
   4   3   1   0.00000000000E+00
   5   3   1   0.00000000000E+00
   6   3   1   0.00000000000E+00
   1   4   1   0.00000000000E+00
   2   4   1   0.00000000000E+00
   3   4   1   0.00000000000E+00
   4   4   1   0.00000000000E+00
   5   4   1   0.00000000000E+00
   6   4   1   0.00000000000E+00
   1   5   1   0.00000000000E+00
   2   5   1   0.00000000000E+00
   3   5   1   0.00000000000E+00
   4   5   1   0.00000000000E+00
   5   5   1   0.00000000000E+00
   6   5   1   0.00000000000E+00
   1   6   1   0.00000000000E+00
   2   6   1   0.00000000000E+00
   3   6   1   0.00000000000E+00
   4   6   1   0.00000000000E+00
   5   6   1   0.00000000000E+00
   6   6   1   0.00000000000E+00
   3   1   1   1
   1   1   1   0.00000000000E+00
   2   1   1   0.00000000000E+00
   3   1   1   0.00000000000E+00
   4   1   1   0.00000000000E+00
   5   1   1   0.00000000000E+00
   6   1   1   0.00000000000E+00
   1   2   1   0.00000000000E+00
   2   2   1   0.00000000000E+00
   3   2   1   0.00000000000E+00
   4   2   1   0.00000000000E+00
   5   2   1   0.00000000000E+00
   6   2   1   0.00000000000E+00
   1   3   1   0.00000000000E+00
   2   3   1   0.00000000000E+00
   3   3   1   0.00000000000E+00
   4   3   1   0.00000000000E+00
   5   3   1   0.00000000000E+00
   6   3   1   0.00000000000E+00
   1   4   1   0.00000000000E+00
   2   4   1   0.00000000000E+00
   3   4   1   0.00000000000E+00
   4   4   1   0.00000000000E+00
   5   4   1   0.00000000000E+00
   6   4   1   0.00000000000E+00
   1   5   1   0.00000000000E+00
   2   5   1   0.00000000000E+00
   3   5   1   0.00000000000E+00
   4   5   1   0.00000000000E+00
   5   5   1   0.00000000000E+00
   6   5   1   0.00000000000E+00
   1   6   1   0.00000000000E+00
   2   6   1   0.00000000000E+00
   3   6   1   0.00000000000E+00
   4   6   1   0.00000000000E+00
   5   6   1   0.00000000000E+00
   6   6   1   0.00000000000E+00
   3   1   1   2
   1   1   1   0.00000000000E+00
   2   1   1   0.00000000000E+00
   3   1   1   0.00000000000E+00
   4   1   1   0.00000000000E+00
   5   1   1   0.00000000000E+00
   6   1   1   0.00000000000E+00
   1   2   1   0.00000000000E+00
   2   2   1   0.00000000000E+00
   3   2   1   0.00000000000E+00
   4   2   1   0.00000000000E+00
   5   2   1   0.00000000000E+00
   6   2   1   0.00000000000E+00
   1   3   1   0.00000000000E+00
   2   3   1   0.00000000000E+00
   3   3   1   0.00000000000E+00
   4   3   1   0.00000000000E+00
   5   3   1   0.00000000000E+00
   6   3   1   0.00000000000E+00
   1   4   1   0.00000000000E+00
   2   4   1   0.00000000000E+00
   3   4   1   0.00000000000E+00
   4   4   1   0.00000000000E+00
   5   4   1   0.00000000000E+00
   6   4   1   0.00000000000E+00
   1   5   1   0.00000000000E+00
   2   5   1   0.00000000000E+00
   3   5   1   0.00000000000E+00
   4   5   1   0.00000000000E+00
   5   5   1   0.00000000000E+00
   6   5   1   0.00000000000E+00
   1   6   1   0.00000000000E+00
   2   6   1   0.00000000000E+00
   3   6   1   0.00000000000E+00
   4   6   1   0.00000000000E+00
   5   6   1   0.00000000000E+00
   6   6   1   0.00000000000E+00
   3   1   2   1
   1   1   1   0.00000000000E+00
   2   1   1   0.00000000000E+00
   3   1   1   0.00000000000E+00
   4   1   1   0.00000000000E+00
   5   1   1   0.00000000000E+00
   6   1   1   0.00000000000E+00
   1   2   1   0.00000000000E+00
   2   2   1   0.00000000000E+00
   3   2   1   0.00000000000E+00
   4   2   1   0.00000000000E+00
   5   2   1   0.00000000000E+00
   6   2   1   0.00000000000E+00
   1   3   1   0.00000000000E+00
   2   3   1   0.00000000000E+00
   3   3   1   0.00000000000E+00
   4   3   1   0.00000000000E+00
   5   3   1   0.00000000000E+00
   6   3   1   0.00000000000E+00
   1   4   1   0.00000000000E+00
   2   4   1   0.00000000000E+00
   3   4   1   0.00000000000E+00
   4   4   1   0.00000000000E+00
   5   4   1   0.00000000000E+00
   6   4   1   0.00000000000E+00
   1   5   1   0.00000000000E+00
   2   5   1   0.00000000000E+00
   3   5   1   0.00000000000E+00
   4   5   1   0.00000000000E+00
   5   5   1   0.00000000000E+00
   6   5   1   0.00000000000E+00
   1   6   1   0.00000000000E+00
   2   6   1   0.00000000000E+00
   3   6   1   0.00000000000E+00
   4   6   1   0.00000000000E+00
   5   6   1   0.00000000000E+00
   6   6   1   0.00000000000E+00
   3   1   2   2
   1   1   1   0.00000000000E+00
   2   1   1   0.00000000000E+00
   3   1   1   0.00000000000E+00
   4   1   1   0.00000000000E+00
   5   1   1   0.00000000000E+00
   6   1   1   0.00000000000E+00
   1   2   1   0.00000000000E+00
   2   2   1   0.00000000000E+00
   3   2   1   0.00000000000E+00
   4   2   1   0.00000000000E+00
   5   2   1   0.00000000000E+00
   6   2   1   0.00000000000E+00
   1   3   1   0.00000000000E+00
   2   3   1   0.00000000000E+00
   3   3   1   0.00000000000E+00
   4   3   1   0.00000000000E+00
   5   3   1   0.00000000000E+00
   6   3   1   0.00000000000E+00
   1   4   1   0.00000000000E+00
   2   4   1   0.00000000000E+00
   3   4   1   0.00000000000E+00
   4   4   1   0.00000000000E+00
   5   4   1   0.00000000000E+00
   6   4   1   0.00000000000E+00
   1   5   1   0.00000000000E+00
   2   5   1   0.00000000000E+00
   3   5   1   0.00000000000E+00
   4   5   1   0.00000000000E+00
   5   5   1   0.00000000000E+00
   6   5   1   0.00000000000E+00
   1   6   1   0.00000000000E+00
   2   6   1   0.00000000000E+00
   3   6   1   0.00000000000E+00
   4   6   1   0.00000000000E+00
   5   6   1   0.00000000000E+00
   6   6   1   0.00000000000E+00
   3   2   1   1
   1   1   1   0.00000000000E+00
   2   1   1   0.00000000000E+00
   3   1   1   0.00000000000E+00
   4   1   1   0.00000000000E+00
   5   1   1   0.00000000000E+00
   6   1   1   0.00000000000E+00
   1   2   1   0.00000000000E+00
   2   2   1   0.00000000000E+00
   3   2   1   0.00000000000E+00
   4   2   1   0.00000000000E+00
   5   2   1   0.00000000000E+00
   6   2   1   0.00000000000E+00
   1   3   1   0.00000000000E+00
   2   3   1   0.00000000000E+00
   3   3   1   0.00000000000E+00
   4   3   1   0.00000000000E+00
   5   3   1   0.00000000000E+00
   6   3   1   0.00000000000E+00
   1   4   1   0.00000000000E+00
   2   4   1   0.00000000000E+00
   3   4   1   0.00000000000E+00
   4   4   1   0.00000000000E+00
   5   4   1   0.00000000000E+00
   6   4   1   0.00000000000E+00
   1   5   1   0.00000000000E+00
   2   5   1   0.00000000000E+00
   3   5   1   0.00000000000E+00
   4   5   1   0.00000000000E+00
   5   5   1   0.00000000000E+00
   6   5   1   0.00000000000E+00
   1   6   1   0.00000000000E+00
   2   6   1   0.00000000000E+00
   3   6   1   0.00000000000E+00
   4   6   1   0.00000000000E+00
   5   6   1   0.00000000000E+00
   6   6   1   0.00000000000E+00
   3   2   1   2
   1   1   1   0.00000000000E+00
   2   1   1   0.00000000000E+00
   3   1   1   0.00000000000E+00
   4   1   1   0.00000000000E+00
   5   1   1   0.00000000000E+00
   6   1   1   0.00000000000E+00
   1   2   1   0.00000000000E+00
   2   2   1   0.00000000000E+00
   3   2   1   0.00000000000E+00
   4   2   1   0.00000000000E+00
   5   2   1   0.00000000000E+00
   6   2   1   0.00000000000E+00
   1   3   1   0.00000000000E+00
   2   3   1   0.00000000000E+00
   3   3   1   0.00000000000E+00
   4   3   1   0.00000000000E+00
   5   3   1   0.00000000000E+00
   6   3   1   0.00000000000E+00
   1   4   1   0.00000000000E+00
   2   4   1   0.00000000000E+00
   3   4   1   0.00000000000E+00
   4   4   1   0.00000000000E+00
   5   4   1   0.00000000000E+00
   6   4   1   0.00000000000E+00
   1   5   1   0.00000000000E+00
   2   5   1   0.00000000000E+00
   3   5   1   0.00000000000E+00
   4   5   1   0.00000000000E+00
   5   5   1   0.00000000000E+00
   6   5   1   0.00000000000E+00
   1   6   1   0.00000000000E+00
   2   6   1   0.00000000000E+00
   3   6   1   0.00000000000E+00
   4   6   1   0.00000000000E+00
   5   6   1   0.00000000000E+00
   6   6   1   0.00000000000E+00
   3   2   2   1
   1   1   1   0.00000000000E+00
   2   1   1   0.00000000000E+00
   3   1   1   0.00000000000E+00
   4   1   1   0.00000000000E+00
   5   1   1   0.00000000000E+00
   6   1   1   0.00000000000E+00
   1   2   1   0.00000000000E+00
   2   2   1   0.00000000000E+00
   3   2   1   0.00000000000E+00
   4   2   1   0.00000000000E+00
   5   2   1   0.00000000000E+00
   6   2   1   0.00000000000E+00
   1   3   1   0.00000000000E+00
   2   3   1   0.00000000000E+00
   3   3   1   0.00000000000E+00
   4   3   1   0.00000000000E+00
   5   3   1   0.00000000000E+00
   6   3   1   0.00000000000E+00
   1   4   1   0.00000000000E+00
   2   4   1   0.00000000000E+00
   3   4   1   0.00000000000E+00
   4   4   1   0.00000000000E+00
   5   4   1   0.00000000000E+00
   6   4   1   0.00000000000E+00
   1   5   1   0.00000000000E+00
   2   5   1   0.00000000000E+00
   3   5   1   0.00000000000E+00
   4   5   1   0.00000000000E+00
   5   5   1   0.00000000000E+00
   6   5   1   0.00000000000E+00
   1   6   1   0.00000000000E+00
   2   6   1   0.00000000000E+00
   3   6   1   0.00000000000E+00
   4   6   1   0.00000000000E+00
   5   6   1   0.00000000000E+00
   6   6   1   0.00000000000E+00
   3   2   2   2
   1   1   1   0.00000000000E+00
   2   1   1   0.00000000000E+00
   3   1   1   0.00000000000E+00
   4   1   1   0.00000000000E+00
   5   1   1   0.00000000000E+00
   6   1   1   0.00000000000E+00
   1   2   1   0.00000000000E+00
   2   2   1   0.00000000000E+00
   3   2   1   0.00000000000E+00
   4   2   1   0.00000000000E+00
   5   2   1   0.00000000000E+00
   6   2   1   0.00000000000E+00
   1   3   1   0.00000000000E+00
   2   3   1   0.00000000000E+00
   3   3   1   0.00000000000E+00
   4   3   1   0.00000000000E+00
   5   3   1   0.00000000000E+00
   6   3   1   0.00000000000E+00
   1   4   1   0.00000000000E+00
   2   4   1   0.00000000000E+00
   3   4   1   0.00000000000E+00
   4   4   1   0.00000000000E+00
   5   4   1   0.00000000000E+00
   6   4   1   0.00000000000E+00
   1   5   1   0.00000000000E+00
   2   5   1   0.00000000000E+00
   3   5   1   0.00000000000E+00
   4   5   1   0.00000000000E+00
   5   5   1   0.00000000000E+00
   6   5   1   0.00000000000E+00
   1   6   1   0.00000000000E+00
   2   6   1   0.00000000000E+00
   3   6   1   0.00000000000E+00
   4   6   1   0.00000000000E+00
   5   6   1   0.00000000000E+00
   6   6   1   0.00000000000E+00
   3   3   1   1
   1   1   1   1.88484730556E-02
   2   1   1  -5.76950888889E-03
   3   1   1   8.46248888889E-04
   4   1   1  -8.84280555556E-05
   5   1   1   8.46248888889E-04
   6   1   1  -5.76950888889E-03
   1   2   1  -5.76950888889E-03
   2   2   1  -5.76950888889E-03
   3   2   1   2.80854527778E-03
   4   2   1  -5.54800555556E-04
   5   2   1  -5.54800555556E-04
   6   2   1   2.80854527778E-03
   1   3   1   8.46248888889E-04
   2   3   1   2.80854527778E-03
   3   3   1   8.46248888889E-04
   4   3   1  -5.54800555556E-04
   5   3   1   3.97753055556E-04
   6   3   1  -5.54800555556E-04
   1   4   1  -8.84280555556E-05
   2   4   1  -5.54800555556E-04
   3   4   1  -5.54800555556E-04
   4   4   1  -8.84280555556E-05
   5   4   1  -5.54800555556E-04
   6   4   1  -5.54800555556E-04
   1   5   1   8.46248888889E-04
   2   5   1  -5.54800555556E-04
   3   5   1   3.97753055556E-04
   4   5   1  -5.54800555556E-04
   5   5   1   8.46248888889E-04
   6   5   1   2.80854527778E-03
   1   6   1  -5.76950888889E-03
   2   6   1   2.80854527778E-03
   3   6   1  -5.54800555556E-04
   4   6   1  -5.54800555556E-04
   5   6   1   2.80854527778E-03
   6   6   1  -5.76950888889E-03
   3   3   1   2
   1   1   1  -2.45440833333E-04
   2   1   1  -2.45441654744E-04
   3   1   1  -8.86397916545E-04
   4   1   1   2.27289166667E-04
   5   1   1   2.27289583212E-04
   6   1   1  -8.86396678589E-04
   1   2   1  -8.86396678589E-04
   2   2   1   1.52529611111E-03
   3   2   1  -8.86397633864E-04
   4   2   1   8.89540415070E-04
   5   2   1  -4.49765456490E-04
   6   2   1   8.89539433234E-04
   1   3   1   2.27289583212E-04
   2   3   1  -2.15310699469E-04
   3   3   1  -2.15311666667E-04
   4   3   1   2.27289464762E-04
   5   3   1  -4.49764607743E-04
   6   3   1  -4.49765456490E-04
   1   4   1   2.27289166667E-04
   2   4   1   4.28347381887E-06
   3   4   1   3.24222019049E-05
   4   4   1   4.28361111111E-06
   5   4   1   2.27289464762E-04
   6   4   1   8.89540415070E-04
   1   5   1  -8.86397916545E-04
   2   5   1  -2.15311210176E-04
   3   5   1   3.24229410767E-05
   4   5   1   3.24222019049E-05
   5   5   1  -2.15311666667E-04
   6   5   1  -8.86397633864E-04
   1   6   1  -2.45441654744E-04
   2   6   1   1.52529445565E-03
   3   6   1  -2.15311210176E-04
   4   6   1   4.28347381887E-06
   5   6   1  -2.15310699469E-04
   6   6   1   1.52529611111E-03
   3   3   2   1
   1   1   1  -2.45440833333E-04
   2   1   1  -8.86396678589E-04
   3   1   1   2.27289583212E-04
   4   1   1   2.27289166667E-04
   5   1   1  -8.86397916545E-04
   6   1   1  -2.45441654744E-04
   1   2   1  -2.45441654744E-04
   2   2   1   1.52529611111E-03
   3   2   1  -2.15310699469E-04
   4   2   1   4.28347381887E-06
   5   2   1  -2.15311210176E-04
   6   2   1   1.52529445565E-03
   1   3   1  -8.86397916545E-04
   2   3   1  -8.86397633864E-04
   3   3   1  -2.15311666667E-04
   4   3   1   3.24222019049E-05
   5   3   1   3.24229410767E-05
   6   3   1  -2.15311210176E-04
   1   4   1   2.27289166667E-04
   2   4   1   8.89540415070E-04
   3   4   1   2.27289464762E-04
   4   4   1   4.28361111111E-06
   5   4   1   3.24222019049E-05
   6   4   1   4.28347381887E-06
   1   5   1   2.27289583212E-04
   2   5   1  -4.49765456490E-04
   3   5   1  -4.49764607743E-04
   4   5   1   2.27289464762E-04
   5   5   1  -2.15311666667E-04
   6   5   1  -2.15310699469E-04
   1   6   1  -8.86396678589E-04
   2   6   1   8.89539433234E-04
   3   6   1  -4.49765456490E-04
   4   6   1   8.89540415070E-04
   5   6   1  -8.86397633864E-04
   6   6   1   1.52529611111E-03
   3   3   2   2
   1   1   1   1.88484730556E-02
   2   1   1  -5.76950888889E-03
   3   1   1   8.46248888889E-04
   4   1   1  -8.84280555556E-05
   5   1   1   8.46248888889E-04
   6   1   1  -5.76950888889E-03
   1   2   1  -5.76950888889E-03
   2   2   1  -5.76950888889E-03
   3   2   1   2.80854527778E-03
   4   2   1  -5.54800555556E-04
   5   2   1  -5.54800555556E-04
   6   2   1   2.80854527778E-03
   1   3   1   8.46248888889E-04
   2   3   1   2.80854527778E-03
   3   3   1   8.46248888889E-04
   4   3   1  -5.54800555556E-04
   5   3   1   3.97753055556E-04
   6   3   1  -5.54800555556E-04
   1   4   1  -8.84280555556E-05
   2   4   1  -5.54800555556E-04
   3   4   1  -5.54800555556E-04
   4   4   1  -8.84280555556E-05
   5   4   1  -5.54800555556E-04
   6   4   1  -5.54800555556E-04
   1   5   1   8.46248888889E-04
   2   5   1  -5.54800555556E-04
   3   5   1   3.97753055556E-04
   4   5   1  -5.54800555556E-04
   5   5   1   8.46248888889E-04
   6   5   1   2.80854527778E-03
   1   6   1  -5.76950888889E-03
   2   6   1   2.80854527778E-03
   3   6   1  -5.54800555556E-04
   4   6   1  -5.54800555556E-04
   5   6   1   2.80854527778E-03
   6   6   1  -5.76950888889E-03
