  4.000000000000000E-002 -0.311962394023780       0.242753792298047     
   6   6   1
   1   1   1   1
   1   1   1   1.30065625000E-02
   2   1   1   2.98737305556E-03
   3   1   1   2.98306083333E-03
   4   1   1   1.29970113889E-02
   5   1   1   2.98306083333E-03
   6   1   1   2.98737305556E-03
   1   2   1   2.98609805556E-03
   2   2   1   2.98609805556E-03
   3   2   1   1.30007038889E-02
   4   2   1   2.98340638889E-03
   5   2   1   2.98340638889E-03
   6   2   1   1.30007038889E-02
   1   3   1   2.98324083333E-03
   2   3   1   1.29987588889E-02
   3   3   1   2.98324083333E-03
   4   3   1   2.98382805556E-03
   5   3   1   1.29994700000E-02
   6   3   1   2.98382805556E-03
   1   4   1   1.29980313889E-02
   2   4   1   2.98306972222E-03
   3   4   1   2.98306972222E-03
   4   4   1   1.29980313889E-02
   5   4   1   2.98306972222E-03
   6   4   1   2.98306972222E-03
   1   5   1   2.98324083333E-03
   2   5   1   2.98382805556E-03
   3   5   1   1.29994700000E-02
   4   5   1   2.98382805556E-03
   5   5   1   2.98324083333E-03
   6   5   1   1.29987588889E-02
   1   6   1   2.98609805556E-03
   2   6   1   1.30007038889E-02
   3   6   1   2.98340638889E-03
   4   6   1   2.98340638889E-03
   5   6   1   1.30007038889E-02
   6   6   1   2.98609805556E-03
   1   1   1   2
   1   1   1  -9.39915777778E-03
   2   1   1  -9.39915823516E-03
   3   1   1  -7.64426898023E-05
   4   1   1  -9.39215222222E-03
   5   1   1  -9.39215286575E-03
   6   1   1  -7.64428759470E-05
   1   2   1  -9.39559364820E-03
   2   2   1  -7.67562272780E-05
   3   2   1  -9.39559535944E-03
   4   2   1  -9.39445947913E-03
   5   2   1  -7.51622421997E-05
   6   2   1  -9.39445891113E-03
   1   3   1  -7.49528745629E-05
   2   3   1  -9.39339989379E-03
   3   3   1  -9.39340012679E-03
   4   3   1  -7.49523953560E-05
   5   3   1  -9.39369993235E-03
   6   3   1  -9.39370064455E-03
   1   4   1  -9.39240111111E-03
   2   4   1  -9.39287429269E-03
   3   4   1  -7.50030917427E-05
   4   4   1  -9.39287333333E-03
   5   4   1  -9.39239913048E-03
   6   4   1  -7.41157073139E-05
   1   5   1  -9.39276268099E-03
   2   5   1  -7.50421332261E-05
   3   5   1  -9.39376728988E-03
   4   5   1  -9.39376871576E-03
   5   5   1  -7.50437621021E-05
   6   5   1  -9.39276288399E-03
   1   6   1  -7.75952406856E-05
   2   6   1  -9.39566942220E-03
   3   6   1  -9.39381498002E-03
   4   6   1  -7.45038542015E-05
   5   6   1  -9.39381519611E-03
   6   6   1  -9.39566877272E-03
   1   1   2   1
   1   1   1  -9.39915777778E-03
   2   1   1  -7.64428759470E-05
   3   1   1  -9.39215286575E-03
   4   1   1  -9.39215222222E-03
   5   1   1  -7.64426898023E-05
   6   1   1  -9.39915823516E-03
   1   2   1  -7.75952406856E-05
   2   2   1  -9.39566877272E-03
   3   2   1  -9.39381519611E-03
   4   2   1  -7.45038542015E-05
   5   2   1  -9.39381498002E-03
   6   2   1  -9.39566942220E-03
   1   3   1  -9.39276268099E-03
   2   3   1  -9.39276288399E-03
   3   3   1  -7.50437621021E-05
   4   3   1  -9.39376871576E-03
   5   3   1  -9.39376728988E-03
   6   3   1  -7.50421332261E-05
   1   4   1  -9.39240111111E-03
   2   4   1  -7.41157073139E-05
   3   4   1  -9.39239913048E-03
   4   4   1  -9.39287333333E-03
   5   4   1  -7.50030917427E-05
   6   4   1  -9.39287429269E-03
   1   5   1  -7.49528745629E-05
   2   5   1  -9.39370064455E-03
   3   5   1  -9.39369993235E-03
   4   5   1  -7.49523953560E-05
   5   5   1  -9.39340012679E-03
   6   5   1  -9.39339989379E-03
   1   6   1  -9.39559364820E-03
   2   6   1  -9.39445891113E-03
   3   6   1  -7.51622421997E-05
   4   6   1  -9.39445947913E-03
   5   6   1  -9.39559535944E-03
   6   6   1  -7.67562272780E-05
   1   1   2   2
   1   1   1   1.30065625000E-02
   2   1   1   2.98737305556E-03
   3   1   1   2.98306083333E-03
   4   1   1   1.29970113889E-02
   5   1   1   2.98306083333E-03
   6   1   1   2.98737305556E-03
   1   2   1   2.98609805556E-03
   2   2   1   2.98609805556E-03
   3   2   1   1.30007038889E-02
   4   2   1   2.98340638889E-03
   5   2   1   2.98340638889E-03
   6   2   1   1.30007038889E-02
   1   3   1   2.98324083333E-03
   2   3   1   1.29987588889E-02
   3   3   1   2.98324083333E-03
   4   3   1   2.98382805556E-03
   5   3   1   1.29994700000E-02
   6   3   1   2.98382805556E-03
   1   4   1   1.29980313889E-02
   2   4   1   2.98306972222E-03
   3   4   1   2.98306972222E-03
   4   4   1   1.29980313889E-02
   5   4   1   2.98306972222E-03
   6   4   1   2.98306972222E-03
   1   5   1   2.98324083333E-03
   2   5   1   2.98382805556E-03
   3   5   1   1.29994700000E-02
   4   5   1   2.98382805556E-03
   5   5   1   2.98324083333E-03
   6   5   1   1.29987588889E-02
   1   6   1   2.98609805556E-03
   2   6   1   1.30007038889E-02
   3   6   1   2.98340638889E-03
   4   6   1   2.98340638889E-03
   5   6   1   1.30007038889E-02
   6   6   1   2.98609805556E-03
   1   2   1   1
   1   1   1  -9.41147719171E-23
   2   1   1  -4.97817286632E-03
   3   1   1   4.97726835090E-03
   4   1   1   2.35286929793E-23
   5   1   1  -4.97726835090E-03
   6   1   1   4.97817286632E-03
   1   2   1  -4.97890869966E-03
   2   2   1   4.97890869966E-03
   3   2   1   1.12333333333E-06
   4   2   1  -4.97712048829E-03
   5   2   1   4.97712048829E-03
   6   2   1  -1.12333333333E-06
   1   3   1   4.97737251757E-03
   2   3   1   4.72683712470E-19
   3   3   1  -4.97737251757E-03
   4   3   1   4.97775215495E-03
   5   3   1   2.50907055049E-20
   6   3   1  -4.97775215495E-03
   1   4   1   5.86666666667E-07
   2   4   1  -4.97731465495E-03
   3   4   1   4.97731465495E-03
   4   4   1  -5.86666666667E-07
   5   4   1  -4.97780132162E-03
   6   4   1   4.97780132162E-03
   1   5   1  -4.97716418424E-03
   2   5   1   4.97736382162E-03
   3   5   1   3.96054273989E-19
   4   5   1  -4.97736382162E-03
   5   5   1   4.97716418424E-03
   6   5   1  -6.35578753247E-20
   1   6   1   4.97743703299E-03
   2   6   1  -1.12333333333E-06
   3   6   1  -4.97799548829E-03
   4   6   1   4.97799548829E-03
   5   6   1   1.12333333333E-06
   6   6   1  -4.97743703299E-03
   1   2   1   2
   1   1   1   5.38180666667E-03
   2   1   1  -5.38180653720E-03
   3   1   1  -1.63559450947E-06
   4   1   1   5.37943111111E-03
   5   1   1  -5.37943107216E-03
   6   1   1   1.63542608464E-06
   1   2   1  -5.37877917103E-03
   2   2   1  -1.24764045787E-10
   3   2   1   5.37877984275E-03
   4   2   1  -5.38110171843E-03
   5   2   1  -6.71728307741E-10
   6   2   1   5.38110184319E-03
   1   3   1  -1.43011515392E-07
   2   3   1   5.38019474789E-03
   3   3   1  -5.38019488383E-03
   4   3   1   1.43187193858E-07
   5   3   1   5.38006027139E-03
   6   3   1  -5.38006031113E-03
   1   4   1   5.37928777778E-03
   2   4   1  -5.37996289950E-03
   3   4   1   5.56283125870E-10
   4   4   1   5.37996333333E-03
   5   4   1  -5.37928833406E-03
   6   4   1  -4.33837624584E-10
   1   5   1  -5.38041532182E-03
   2   5   1   2.40866685783E-07
   3   5   1   5.38019306195E-03
   4   5   1  -5.38019263164E-03
   5   5   1  -2.40116172752E-07
   6   5   1   5.38041414100E-03
   1   6   1  -2.73419099770E-10
   2   6   1   5.38027815681E-03
   3   6   1  -5.37995543938E-03
   4   6   1   5.17613092943E-11
   5   6   1   5.37995571280E-03
   6   6   1  -5.38027820857E-03
   1   2   2   1
   1   1   1   5.38180666667E-03
   2   1   1   1.63542608464E-06
   3   1   1  -5.37943107216E-03
   4   1   1   5.37943111111E-03
   5   1   1  -1.63559450947E-06
   6   1   1  -5.38180653720E-03
   1   2   1  -2.73419099770E-10
   2   2   1  -5.38027820857E-03
   3   2   1   5.37995571280E-03
   4   2   1   5.17613092943E-11
   5   2   1  -5.37995543938E-03
   6   2   1   5.38027815681E-03
   1   3   1  -5.38041532182E-03
   2   3   1   5.38041414100E-03
   3   3   1  -2.40116172752E-07
   4   3   1  -5.38019263164E-03
   5   3   1   5.38019306195E-03
   6   3   1   2.40866685783E-07
   1   4   1   5.37928777778E-03
   2   4   1  -4.33837624584E-10
   3   4   1  -5.37928833406E-03
   4   4   1   5.37996333333E-03
   5   4   1   5.56283125870E-10
   6   4   1  -5.37996289950E-03
   1   5   1  -1.43011515392E-07
   2   5   1  -5.38006031113E-03
   3   5   1   5.38006027139E-03
   4   5   1   1.43187193858E-07
   5   5   1  -5.38019488383E-03
   6   5   1   5.38019474789E-03
   1   6   1  -5.37877917103E-03
   2   6   1   5.38110184319E-03
   3   6   1  -6.71728307741E-10
   4   6   1  -5.38110171843E-03
   5   6   1   5.37877984275E-03
   6   6   1  -1.24764045787E-10
   1   2   2   2
   1   1   1  -9.41147719171E-23
   2   1   1   4.97817286632E-03
   3   1   1  -4.97726835090E-03
   4   1   1   2.35286929793E-23
   5   1   1   4.97726835090E-03
   6   1   1  -4.97817286632E-03
   1   2   1   4.97743703299E-03
   2   2   1  -4.97743703299E-03
   3   2   1   1.12333333333E-06
   4   2   1   4.97799548829E-03
   5   2   1  -4.97799548829E-03
   6   2   1  -1.12333333333E-06
   1   3   1  -4.97716418424E-03
   2   3   1  -6.35578753247E-20
   3   3   1   4.97716418424E-03
   4   3   1  -4.97736382162E-03
   5   3   1   3.96054273989E-19
   6   3   1   4.97736382162E-03
   1   4   1   5.86666666667E-07
   2   4   1   4.97780132162E-03
   3   4   1  -4.97780132162E-03
   4   4   1  -5.86666666667E-07
   5   4   1   4.97731465495E-03
   6   4   1  -4.97731465495E-03
   1   5   1   4.97737251757E-03
   2   5   1  -4.97775215495E-03
   3   5   1   2.50907055049E-20
   4   5   1   4.97775215495E-03
   5   5   1  -4.97737251757E-03
   6   5   1   4.72683712470E-19
   1   6   1  -4.97890869966E-03
   2   6   1  -1.12333333333E-06
   3   6   1   4.97712048829E-03
   4   6   1  -4.97712048829E-03
   5   6   1   1.12333333333E-06
   6   6   1   4.97890869966E-03
   1   3   1   1
   1   1   1   0.00000000000E+00
   2   1   1   0.00000000000E+00
   3   1   1   0.00000000000E+00
   4   1   1   0.00000000000E+00
   5   1   1   0.00000000000E+00
   6   1   1   0.00000000000E+00
   1   2   1   0.00000000000E+00
   2   2   1   0.00000000000E+00
   3   2   1   0.00000000000E+00
   4   2   1   0.00000000000E+00
   5   2   1   0.00000000000E+00
   6   2   1   0.00000000000E+00
   1   3   1   0.00000000000E+00
   2   3   1   0.00000000000E+00
   3   3   1   0.00000000000E+00
   4   3   1   0.00000000000E+00
   5   3   1   0.00000000000E+00
   6   3   1   0.00000000000E+00
   1   4   1   0.00000000000E+00
   2   4   1   0.00000000000E+00
   3   4   1   0.00000000000E+00
   4   4   1   0.00000000000E+00
   5   4   1   0.00000000000E+00
   6   4   1   0.00000000000E+00
   1   5   1   0.00000000000E+00
   2   5   1   0.00000000000E+00
   3   5   1   0.00000000000E+00
   4   5   1   0.00000000000E+00
   5   5   1   0.00000000000E+00
   6   5   1   0.00000000000E+00
   1   6   1   0.00000000000E+00
   2   6   1   0.00000000000E+00
   3   6   1   0.00000000000E+00
   4   6   1   0.00000000000E+00
   5   6   1   0.00000000000E+00
   6   6   1   0.00000000000E+00
   1   3   1   2
   1   1   1   0.00000000000E+00
   2   1   1   0.00000000000E+00
   3   1   1   0.00000000000E+00
   4   1   1   0.00000000000E+00
   5   1   1   0.00000000000E+00
   6   1   1   0.00000000000E+00
   1   2   1   0.00000000000E+00
   2   2   1   0.00000000000E+00
   3   2   1   0.00000000000E+00
   4   2   1   0.00000000000E+00
   5   2   1   0.00000000000E+00
   6   2   1   0.00000000000E+00
   1   3   1   0.00000000000E+00
   2   3   1   0.00000000000E+00
   3   3   1   0.00000000000E+00
   4   3   1   0.00000000000E+00
   5   3   1   0.00000000000E+00
   6   3   1   0.00000000000E+00
   1   4   1   0.00000000000E+00
   2   4   1   0.00000000000E+00
   3   4   1   0.00000000000E+00
   4   4   1   0.00000000000E+00
   5   4   1   0.00000000000E+00
   6   4   1   0.00000000000E+00
   1   5   1   0.00000000000E+00
   2   5   1   0.00000000000E+00
   3   5   1   0.00000000000E+00
   4   5   1   0.00000000000E+00
   5   5   1   0.00000000000E+00
   6   5   1   0.00000000000E+00
   1   6   1   0.00000000000E+00
   2   6   1   0.00000000000E+00
   3   6   1   0.00000000000E+00
   4   6   1   0.00000000000E+00
   5   6   1   0.00000000000E+00
   6   6   1   0.00000000000E+00
   1   3   2   1
   1   1   1   0.00000000000E+00
   2   1   1   0.00000000000E+00
   3   1   1   0.00000000000E+00
   4   1   1   0.00000000000E+00
   5   1   1   0.00000000000E+00
   6   1   1   0.00000000000E+00
   1   2   1   0.00000000000E+00
   2   2   1   0.00000000000E+00
   3   2   1   0.00000000000E+00
   4   2   1   0.00000000000E+00
   5   2   1   0.00000000000E+00
   6   2   1   0.00000000000E+00
   1   3   1   0.00000000000E+00
   2   3   1   0.00000000000E+00
   3   3   1   0.00000000000E+00
   4   3   1   0.00000000000E+00
   5   3   1   0.00000000000E+00
   6   3   1   0.00000000000E+00
   1   4   1   0.00000000000E+00
   2   4   1   0.00000000000E+00
   3   4   1   0.00000000000E+00
   4   4   1   0.00000000000E+00
   5   4   1   0.00000000000E+00
   6   4   1   0.00000000000E+00
   1   5   1   0.00000000000E+00
   2   5   1   0.00000000000E+00
   3   5   1   0.00000000000E+00
   4   5   1   0.00000000000E+00
   5   5   1   0.00000000000E+00
   6   5   1   0.00000000000E+00
   1   6   1   0.00000000000E+00
   2   6   1   0.00000000000E+00
   3   6   1   0.00000000000E+00
   4   6   1   0.00000000000E+00
   5   6   1   0.00000000000E+00
   6   6   1   0.00000000000E+00
   1   3   2   2
   1   1   1   0.00000000000E+00
   2   1   1   0.00000000000E+00
   3   1   1   0.00000000000E+00
   4   1   1   0.00000000000E+00
   5   1   1   0.00000000000E+00
   6   1   1   0.00000000000E+00
   1   2   1   0.00000000000E+00
   2   2   1   0.00000000000E+00
   3   2   1   0.00000000000E+00
   4   2   1   0.00000000000E+00
   5   2   1   0.00000000000E+00
   6   2   1   0.00000000000E+00
   1   3   1   0.00000000000E+00
   2   3   1   0.00000000000E+00
   3   3   1   0.00000000000E+00
   4   3   1   0.00000000000E+00
   5   3   1   0.00000000000E+00
   6   3   1   0.00000000000E+00
   1   4   1   0.00000000000E+00
   2   4   1   0.00000000000E+00
   3   4   1   0.00000000000E+00
   4   4   1   0.00000000000E+00
   5   4   1   0.00000000000E+00
   6   4   1   0.00000000000E+00
   1   5   1   0.00000000000E+00
   2   5   1   0.00000000000E+00
   3   5   1   0.00000000000E+00
   4   5   1   0.00000000000E+00
   5   5   1   0.00000000000E+00
   6   5   1   0.00000000000E+00
   1   6   1   0.00000000000E+00
   2   6   1   0.00000000000E+00
   3   6   1   0.00000000000E+00
   4   6   1   0.00000000000E+00
   5   6   1   0.00000000000E+00
   6   6   1   0.00000000000E+00
   2   1   1   1
   1   1   1  -9.41147719171E-23
   2   1   1   4.97817286632E-03
   3   1   1  -4.97726835090E-03
   4   1   1   2.35286929793E-23
   5   1   1   4.97726835090E-03
   6   1   1  -4.97817286632E-03
   1   2   1   4.97743703299E-03
   2   2   1  -4.97743703299E-03
   3   2   1   1.12333333333E-06
   4   2   1   4.97799548829E-03
   5   2   1  -4.97799548829E-03
   6   2   1  -1.12333333333E-06
   1   3   1  -4.97716418424E-03
   2   3   1  -6.35578753247E-20
   3   3   1   4.97716418424E-03
   4   3   1  -4.97736382162E-03
   5   3   1   3.96054273989E-19
   6   3   1   4.97736382162E-03
   1   4   1   5.86666666667E-07
   2   4   1   4.97780132162E-03
   3   4   1  -4.97780132162E-03
   4   4   1  -5.86666666667E-07
   5   4   1   4.97731465495E-03
   6   4   1  -4.97731465495E-03
   1   5   1   4.97737251757E-03
   2   5   1  -4.97775215495E-03
   3   5   1   2.50907055049E-20
   4   5   1   4.97775215495E-03
   5   5   1  -4.97737251757E-03
   6   5   1   4.72683712470E-19
   1   6   1  -4.97890869966E-03
   2   6   1  -1.12333333333E-06
   3   6   1   4.97712048829E-03
   4   6   1  -4.97712048829E-03
   5   6   1   1.12333333333E-06
   6   6   1   4.97890869966E-03
   2   1   1   2
   1   1   1   5.38180666667E-03
   2   1   1  -5.38180653720E-03
   3   1   1  -1.63559450947E-06
   4   1   1   5.37943111111E-03
   5   1   1  -5.37943107216E-03
   6   1   1   1.63542608464E-06
   1   2   1  -5.37877917103E-03
   2   2   1  -1.24764045787E-10
   3   2   1   5.37877984275E-03
   4   2   1  -5.38110171843E-03
   5   2   1  -6.71728307741E-10
   6   2   1   5.38110184319E-03
   1   3   1  -1.43011515392E-07
   2   3   1   5.38019474789E-03
   3   3   1  -5.38019488383E-03
   4   3   1   1.43187193858E-07
   5   3   1   5.38006027139E-03
   6   3   1  -5.38006031113E-03
   1   4   1   5.37928777778E-03
   2   4   1  -5.37996289950E-03
   3   4   1   5.56283125870E-10
   4   4   1   5.37996333333E-03
   5   4   1  -5.37928833406E-03
   6   4   1  -4.33837624584E-10
   1   5   1  -5.38041532182E-03
   2   5   1   2.40866685783E-07
   3   5   1   5.38019306195E-03
   4   5   1  -5.38019263164E-03
   5   5   1  -2.40116172752E-07
   6   5   1   5.38041414100E-03
   1   6   1  -2.73419099770E-10
   2   6   1   5.38027815681E-03
   3   6   1  -5.37995543938E-03
   4   6   1   5.17613092943E-11
   5   6   1   5.37995571280E-03
   6   6   1  -5.38027820857E-03
   2   1   2   1
   1   1   1   5.38180666667E-03
   2   1   1   1.63542608464E-06
   3   1   1  -5.37943107216E-03
   4   1   1   5.37943111111E-03
   5   1   1  -1.63559450947E-06
   6   1   1  -5.38180653720E-03
   1   2   1  -2.73419099770E-10
   2   2   1  -5.38027820857E-03
   3   2   1   5.37995571280E-03
   4   2   1   5.17613092943E-11
   5   2   1  -5.37995543938E-03
   6   2   1   5.38027815681E-03
   1   3   1  -5.38041532182E-03
   2   3   1   5.38041414100E-03
   3   3   1  -2.40116172752E-07
   4   3   1  -5.38019263164E-03
   5   3   1   5.38019306195E-03
   6   3   1   2.40866685783E-07
   1   4   1   5.37928777778E-03
   2   4   1  -4.33837624584E-10
   3   4   1  -5.37928833406E-03
   4   4   1   5.37996333333E-03
   5   4   1   5.56283125870E-10
   6   4   1  -5.37996289950E-03
   1   5   1  -1.43011515392E-07
   2   5   1  -5.38006031113E-03
   3   5   1   5.38006027139E-03
   4   5   1   1.43187193858E-07
   5   5   1  -5.38019488383E-03
   6   5   1   5.38019474789E-03
   1   6   1  -5.37877917103E-03
   2   6   1   5.38110184319E-03
   3   6   1  -6.71728307741E-10
   4   6   1  -5.38110171843E-03
   5   6   1   5.37877984275E-03
   6   6   1  -1.24764045787E-10
   2   1   2   2
   1   1   1  -9.41147719171E-23
   2   1   1  -4.97817286632E-03
   3   1   1   4.97726835090E-03
   4   1   1   2.35286929793E-23
   5   1   1  -4.97726835090E-03
   6   1   1   4.97817286632E-03
   1   2   1  -4.97890869966E-03
   2   2   1   4.97890869966E-03
   3   2   1   1.12333333333E-06
   4   2   1  -4.97712048829E-03
   5   2   1   4.97712048829E-03
   6   2   1  -1.12333333333E-06
   1   3   1   4.97737251757E-03
   2   3   1   4.72683712470E-19
   3   3   1  -4.97737251757E-03
   4   3   1   4.97775215495E-03
   5   3   1   2.50907055049E-20
   6   3   1  -4.97775215495E-03
   1   4   1   5.86666666667E-07
   2   4   1  -4.97731465495E-03
   3   4   1   4.97731465495E-03
   4   4   1  -5.86666666667E-07
   5   4   1  -4.97780132162E-03
   6   4   1   4.97780132162E-03
   1   5   1  -4.97716418424E-03
   2   5   1   4.97736382162E-03
   3   5   1   3.96054273989E-19
   4   5   1  -4.97736382162E-03
   5   5   1   4.97716418424E-03
   6   5   1  -6.35578753247E-20
   1   6   1   4.97743703299E-03
   2   6   1  -1.12333333333E-06
   3   6   1  -4.97799548829E-03
   4   6   1   4.97799548829E-03
   5   6   1   1.12333333333E-06
   6   6   1  -4.97743703299E-03
   2   2   1   1
   1   1   1   1.30065636111E-02
   2   1   1   2.98567194444E-03
   3   1   1   2.98330194444E-03
   4   1   1   1.29983702778E-02
   5   1   1   2.98330194444E-03
   6   1   1   2.98567194444E-03
   1   2   1   2.98694805556E-03
   2   2   1   2.98694805556E-03
   3   2   1   1.29994072222E-02
   4   2   1   2.98346305556E-03
   5   2   1   2.98346305556E-03
   6   2   1   1.29994072222E-02
   1   3   1   2.98312027778E-03
   2   3   1   1.30013527778E-02
   3   3   1   2.98312027778E-03
   4   3   1   2.98304194444E-03
   5   3   1   1.29994694444E-02
   6   3   1   2.98304194444E-03
   1   4   1   1.29973513889E-02
   2   4   1   2.98379972222E-03
   3   4   1   2.98379972222E-03
   4   4   1   1.29973513889E-02
   5   4   1   2.98379972222E-03
   6   4   1   2.98379972222E-03
   1   5   1   2.98312027778E-03
   2   5   1   2.98304194444E-03
   3   5   1   1.29994694444E-02
   4   5   1   2.98304194444E-03
   5   5   1   2.98312027778E-03
   6   5   1   1.30013527778E-02
   1   6   1   2.98694805556E-03
   2   6   1   1.29994072222E-02
   3   6   1   2.98346305556E-03
   4   6   1   2.98346305556E-03
   5   6   1   1.29994072222E-02
   6   6   1   2.98694805556E-03
   2   2   1   2
   1   1   1  -3.18478277778E-03
   2   1   1  -3.18478317016E-03
   3   1   1  -1.25000914475E-02
   4   1   1  -3.18085166667E-03
   5   1   1  -3.18085077469E-03
   6   1   1  -1.25000901632E-02
   1   2   1  -3.18094007539E-03
   2   2   1  -1.25019729394E-02
   3   2   1  -3.18094028990E-03
   4   2   1  -3.18089585359E-03
   5   2   1  -1.24998800341E-02
   6   2   1  -3.18089676383E-03
   1   3   1  -1.24980499325E-02
   2   3   1  -3.18143971471E-03
   3   3   1  -3.18143959544E-03
   4   3   1  -1.24980505205E-02
   5   3   1  -3.18134178346E-03
   6   3   1  -3.18134107622E-03
   1   4   1  -3.18060166667E-03
   2   4   1  -3.18062787459E-03
   3   4   1  -1.25000241213E-02
   4   4   1  -3.18062833333E-03
   5   4   1  -3.18060254537E-03
   6   4   1  -1.25012387921E-02
   1   5   1  -3.18377062301E-03
   2   5   1  -1.24997955904E-02
   3   5   1  -3.18125710542E-03
   4   5   1  -3.18125781281E-03
   5   5   1  -1.24997959601E-02
   6   5   1  -3.18377028529E-03
   1   6   1  -1.25063449246E-02
   2   6   1  -3.18305990284E-03
   3   6   1  -3.18102329921E-03
   4   6   1  -1.24989991464E-02
   5   6   1  -3.18102304344E-03
   6   6   1  -3.18306039394E-03
   2   2   2   1
   1   1   1  -3.18478277778E-03
   2   1   1  -1.25000901632E-02
   3   1   1  -3.18085077469E-03
   4   1   1  -3.18085166667E-03
   5   1   1  -1.25000914475E-02
   6   1   1  -3.18478317016E-03
   1   2   1  -1.25063449246E-02
   2   2   1  -3.18306039394E-03
   3   2   1  -3.18102304344E-03
   4   2   1  -1.24989991464E-02
   5   2   1  -3.18102329921E-03
   6   2   1  -3.18305990284E-03
   1   3   1  -3.18377062301E-03
   2   3   1  -3.18377028529E-03
   3   3   1  -1.24997959601E-02
   4   3   1  -3.18125781281E-03
   5   3   1  -3.18125710542E-03
   6   3   1  -1.24997955904E-02
   1   4   1  -3.18060166667E-03
   2   4   1  -1.25012387921E-02
   3   4   1  -3.18060254537E-03
   4   4   1  -3.18062833333E-03
   5   4   1  -1.25000241213E-02
   6   4   1  -3.18062787459E-03
   1   5   1  -1.24980499325E-02
   2   5   1  -3.18134107622E-03
   3   5   1  -3.18134178346E-03
   4   5   1  -1.24980505205E-02
   5   5   1  -3.18143959544E-03
   6   5   1  -3.18143971471E-03
   1   6   1  -3.18094007539E-03
   2   6   1  -3.18089676383E-03
   3   6   1  -1.24998800341E-02
   4   6   1  -3.18089585359E-03
   5   6   1  -3.18094028990E-03
   6   6   1  -1.25019729394E-02
   2   2   2   2
   1   1   1   1.30065636111E-02
   2   1   1   2.98567194444E-03
   3   1   1   2.98330194444E-03
   4   1   1   1.29983702778E-02
   5   1   1   2.98330194444E-03
   6   1   1   2.98567194444E-03
   1   2   1   2.98694805556E-03
   2   2   1   2.98694805556E-03
   3   2   1   1.29994072222E-02
   4   2   1   2.98346305556E-03
   5   2   1   2.98346305556E-03
   6   2   1   1.29994072222E-02
   1   3   1   2.98312027778E-03
   2   3   1   1.30013527778E-02
   3   3   1   2.98312027778E-03
   4   3   1   2.98304194444E-03
   5   3   1   1.29994694444E-02
   6   3   1   2.98304194444E-03
   1   4   1   1.29973513889E-02
   2   4   1   2.98379972222E-03
   3   4   1   2.98379972222E-03
   4   4   1   1.29973513889E-02
   5   4   1   2.98379972222E-03
   6   4   1   2.98379972222E-03
   1   5   1   2.98312027778E-03
   2   5   1   2.98304194444E-03
   3   5   1   1.29994694444E-02
   4   5   1   2.98304194444E-03
   5   5   1   2.98312027778E-03
   6   5   1   1.30013527778E-02
   1   6   1   2.98694805556E-03
   2   6   1   1.29994072222E-02
   3   6   1   2.98346305556E-03
   4   6   1   2.98346305556E-03
   5   6   1   1.29994072222E-02
   6   6   1   2.98694805556E-03
   2   3   1   1
   1   1   1   0.00000000000E+00
   2   1   1   0.00000000000E+00
   3   1   1   0.00000000000E+00
   4   1   1   0.00000000000E+00
   5   1   1   0.00000000000E+00
   6   1   1   0.00000000000E+00
   1   2   1   0.00000000000E+00
   2   2   1   0.00000000000E+00
   3   2   1   0.00000000000E+00
   4   2   1   0.00000000000E+00
   5   2   1   0.00000000000E+00
   6   2   1   0.00000000000E+00
   1   3   1   0.00000000000E+00
   2   3   1   0.00000000000E+00
   3   3   1   0.00000000000E+00
   4   3   1   0.00000000000E+00
   5   3   1   0.00000000000E+00
   6   3   1   0.00000000000E+00
   1   4   1   0.00000000000E+00
   2   4   1   0.00000000000E+00
   3   4   1   0.00000000000E+00
   4   4   1   0.00000000000E+00
   5   4   1   0.00000000000E+00
   6   4   1   0.00000000000E+00
   1   5   1   0.00000000000E+00
   2   5   1   0.00000000000E+00
   3   5   1   0.00000000000E+00
   4   5   1   0.00000000000E+00
   5   5   1   0.00000000000E+00
   6   5   1   0.00000000000E+00
   1   6   1   0.00000000000E+00
   2   6   1   0.00000000000E+00
   3   6   1   0.00000000000E+00
   4   6   1   0.00000000000E+00
   5   6   1   0.00000000000E+00
   6   6   1   0.00000000000E+00
   2   3   1   2
   1   1   1   0.00000000000E+00
   2   1   1   0.00000000000E+00
   3   1   1   0.00000000000E+00
   4   1   1   0.00000000000E+00
   5   1   1   0.00000000000E+00
   6   1   1   0.00000000000E+00
   1   2   1   0.00000000000E+00
   2   2   1   0.00000000000E+00
   3   2   1   0.00000000000E+00
   4   2   1   0.00000000000E+00
   5   2   1   0.00000000000E+00
   6   2   1   0.00000000000E+00
   1   3   1   0.00000000000E+00
   2   3   1   0.00000000000E+00
   3   3   1   0.00000000000E+00
   4   3   1   0.00000000000E+00
   5   3   1   0.00000000000E+00
   6   3   1   0.00000000000E+00
   1   4   1   0.00000000000E+00
   2   4   1   0.00000000000E+00
   3   4   1   0.00000000000E+00
   4   4   1   0.00000000000E+00
   5   4   1   0.00000000000E+00
   6   4   1   0.00000000000E+00
   1   5   1   0.00000000000E+00
   2   5   1   0.00000000000E+00
   3   5   1   0.00000000000E+00
   4   5   1   0.00000000000E+00
   5   5   1   0.00000000000E+00
   6   5   1   0.00000000000E+00
   1   6   1   0.00000000000E+00
   2   6   1   0.00000000000E+00
   3   6   1   0.00000000000E+00
   4   6   1   0.00000000000E+00
   5   6   1   0.00000000000E+00
   6   6   1   0.00000000000E+00
   2   3   2   1
   1   1   1   0.00000000000E+00
   2   1   1   0.00000000000E+00
   3   1   1   0.00000000000E+00
   4   1   1   0.00000000000E+00
   5   1   1   0.00000000000E+00
   6   1   1   0.00000000000E+00
   1   2   1   0.00000000000E+00
   2   2   1   0.00000000000E+00
   3   2   1   0.00000000000E+00
   4   2   1   0.00000000000E+00
   5   2   1   0.00000000000E+00
   6   2   1   0.00000000000E+00
   1   3   1   0.00000000000E+00
   2   3   1   0.00000000000E+00
   3   3   1   0.00000000000E+00
   4   3   1   0.00000000000E+00
   5   3   1   0.00000000000E+00
   6   3   1   0.00000000000E+00
   1   4   1   0.00000000000E+00
   2   4   1   0.00000000000E+00
   3   4   1   0.00000000000E+00
   4   4   1   0.00000000000E+00
   5   4   1   0.00000000000E+00
   6   4   1   0.00000000000E+00
   1   5   1   0.00000000000E+00
   2   5   1   0.00000000000E+00
   3   5   1   0.00000000000E+00
   4   5   1   0.00000000000E+00
   5   5   1   0.00000000000E+00
   6   5   1   0.00000000000E+00
   1   6   1   0.00000000000E+00
   2   6   1   0.00000000000E+00
   3   6   1   0.00000000000E+00
   4   6   1   0.00000000000E+00
   5   6   1   0.00000000000E+00
   6   6   1   0.00000000000E+00
   2   3   2   2
   1   1   1   0.00000000000E+00
   2   1   1   0.00000000000E+00
   3   1   1   0.00000000000E+00
   4   1   1   0.00000000000E+00
   5   1   1   0.00000000000E+00
   6   1   1   0.00000000000E+00
   1   2   1   0.00000000000E+00
   2   2   1   0.00000000000E+00
   3   2   1   0.00000000000E+00
   4   2   1   0.00000000000E+00
   5   2   1   0.00000000000E+00
   6   2   1   0.00000000000E+00
   1   3   1   0.00000000000E+00
   2   3   1   0.00000000000E+00
   3   3   1   0.00000000000E+00
   4   3   1   0.00000000000E+00
   5   3   1   0.00000000000E+00
   6   3   1   0.00000000000E+00
   1   4   1   0.00000000000E+00
   2   4   1   0.00000000000E+00
   3   4   1   0.00000000000E+00
   4   4   1   0.00000000000E+00
   5   4   1   0.00000000000E+00
   6   4   1   0.00000000000E+00
   1   5   1   0.00000000000E+00
   2   5   1   0.00000000000E+00
   3   5   1   0.00000000000E+00
   4   5   1   0.00000000000E+00
   5   5   1   0.00000000000E+00
   6   5   1   0.00000000000E+00
   1   6   1   0.00000000000E+00
   2   6   1   0.00000000000E+00
   3   6   1   0.00000000000E+00
   4   6   1   0.00000000000E+00
   5   6   1   0.00000000000E+00
   6   6   1   0.00000000000E+00
   3   1   1   1
   1   1   1   0.00000000000E+00
   2   1   1   0.00000000000E+00
   3   1   1   0.00000000000E+00
   4   1   1   0.00000000000E+00
   5   1   1   0.00000000000E+00
   6   1   1   0.00000000000E+00
   1   2   1   0.00000000000E+00
   2   2   1   0.00000000000E+00
   3   2   1   0.00000000000E+00
   4   2   1   0.00000000000E+00
   5   2   1   0.00000000000E+00
   6   2   1   0.00000000000E+00
   1   3   1   0.00000000000E+00
   2   3   1   0.00000000000E+00
   3   3   1   0.00000000000E+00
   4   3   1   0.00000000000E+00
   5   3   1   0.00000000000E+00
   6   3   1   0.00000000000E+00
   1   4   1   0.00000000000E+00
   2   4   1   0.00000000000E+00
   3   4   1   0.00000000000E+00
   4   4   1   0.00000000000E+00
   5   4   1   0.00000000000E+00
   6   4   1   0.00000000000E+00
   1   5   1   0.00000000000E+00
   2   5   1   0.00000000000E+00
   3   5   1   0.00000000000E+00
   4   5   1   0.00000000000E+00
   5   5   1   0.00000000000E+00
   6   5   1   0.00000000000E+00
   1   6   1   0.00000000000E+00
   2   6   1   0.00000000000E+00
   3   6   1   0.00000000000E+00
   4   6   1   0.00000000000E+00
   5   6   1   0.00000000000E+00
   6   6   1   0.00000000000E+00
   3   1   1   2
   1   1   1   0.00000000000E+00
   2   1   1   0.00000000000E+00
   3   1   1   0.00000000000E+00
   4   1   1   0.00000000000E+00
   5   1   1   0.00000000000E+00
   6   1   1   0.00000000000E+00
   1   2   1   0.00000000000E+00
   2   2   1   0.00000000000E+00
   3   2   1   0.00000000000E+00
   4   2   1   0.00000000000E+00
   5   2   1   0.00000000000E+00
   6   2   1   0.00000000000E+00
   1   3   1   0.00000000000E+00
   2   3   1   0.00000000000E+00
   3   3   1   0.00000000000E+00
   4   3   1   0.00000000000E+00
   5   3   1   0.00000000000E+00
   6   3   1   0.00000000000E+00
   1   4   1   0.00000000000E+00
   2   4   1   0.00000000000E+00
   3   4   1   0.00000000000E+00
   4   4   1   0.00000000000E+00
   5   4   1   0.00000000000E+00
   6   4   1   0.00000000000E+00
   1   5   1   0.00000000000E+00
   2   5   1   0.00000000000E+00
   3   5   1   0.00000000000E+00
   4   5   1   0.00000000000E+00
   5   5   1   0.00000000000E+00
   6   5   1   0.00000000000E+00
   1   6   1   0.00000000000E+00
   2   6   1   0.00000000000E+00
   3   6   1   0.00000000000E+00
   4   6   1   0.00000000000E+00
   5   6   1   0.00000000000E+00
   6   6   1   0.00000000000E+00
   3   1   2   1
   1   1   1   0.00000000000E+00
   2   1   1   0.00000000000E+00
   3   1   1   0.00000000000E+00
   4   1   1   0.00000000000E+00
   5   1   1   0.00000000000E+00
   6   1   1   0.00000000000E+00
   1   2   1   0.00000000000E+00
   2   2   1   0.00000000000E+00
   3   2   1   0.00000000000E+00
   4   2   1   0.00000000000E+00
   5   2   1   0.00000000000E+00
   6   2   1   0.00000000000E+00
   1   3   1   0.00000000000E+00
   2   3   1   0.00000000000E+00
   3   3   1   0.00000000000E+00
   4   3   1   0.00000000000E+00
   5   3   1   0.00000000000E+00
   6   3   1   0.00000000000E+00
   1   4   1   0.00000000000E+00
   2   4   1   0.00000000000E+00
   3   4   1   0.00000000000E+00
   4   4   1   0.00000000000E+00
   5   4   1   0.00000000000E+00
   6   4   1   0.00000000000E+00
   1   5   1   0.00000000000E+00
   2   5   1   0.00000000000E+00
   3   5   1   0.00000000000E+00
   4   5   1   0.00000000000E+00
   5   5   1   0.00000000000E+00
   6   5   1   0.00000000000E+00
   1   6   1   0.00000000000E+00
   2   6   1   0.00000000000E+00
   3   6   1   0.00000000000E+00
   4   6   1   0.00000000000E+00
   5   6   1   0.00000000000E+00
   6   6   1   0.00000000000E+00
   3   1   2   2
   1   1   1   0.00000000000E+00
   2   1   1   0.00000000000E+00
   3   1   1   0.00000000000E+00
   4   1   1   0.00000000000E+00
   5   1   1   0.00000000000E+00
   6   1   1   0.00000000000E+00
   1   2   1   0.00000000000E+00
   2   2   1   0.00000000000E+00
   3   2   1   0.00000000000E+00
   4   2   1   0.00000000000E+00
   5   2   1   0.00000000000E+00
   6   2   1   0.00000000000E+00
   1   3   1   0.00000000000E+00
   2   3   1   0.00000000000E+00
   3   3   1   0.00000000000E+00
   4   3   1   0.00000000000E+00
   5   3   1   0.00000000000E+00
   6   3   1   0.00000000000E+00
   1   4   1   0.00000000000E+00
   2   4   1   0.00000000000E+00
   3   4   1   0.00000000000E+00
   4   4   1   0.00000000000E+00
   5   4   1   0.00000000000E+00
   6   4   1   0.00000000000E+00
   1   5   1   0.00000000000E+00
   2   5   1   0.00000000000E+00
   3   5   1   0.00000000000E+00
   4   5   1   0.00000000000E+00
   5   5   1   0.00000000000E+00
   6   5   1   0.00000000000E+00
   1   6   1   0.00000000000E+00
   2   6   1   0.00000000000E+00
   3   6   1   0.00000000000E+00
   4   6   1   0.00000000000E+00
   5   6   1   0.00000000000E+00
   6   6   1   0.00000000000E+00
   3   2   1   1
   1   1   1   0.00000000000E+00
   2   1   1   0.00000000000E+00
   3   1   1   0.00000000000E+00
   4   1   1   0.00000000000E+00
   5   1   1   0.00000000000E+00
   6   1   1   0.00000000000E+00
   1   2   1   0.00000000000E+00
   2   2   1   0.00000000000E+00
   3   2   1   0.00000000000E+00
   4   2   1   0.00000000000E+00
   5   2   1   0.00000000000E+00
   6   2   1   0.00000000000E+00
   1   3   1   0.00000000000E+00
   2   3   1   0.00000000000E+00
   3   3   1   0.00000000000E+00
   4   3   1   0.00000000000E+00
   5   3   1   0.00000000000E+00
   6   3   1   0.00000000000E+00
   1   4   1   0.00000000000E+00
   2   4   1   0.00000000000E+00
   3   4   1   0.00000000000E+00
   4   4   1   0.00000000000E+00
   5   4   1   0.00000000000E+00
   6   4   1   0.00000000000E+00
   1   5   1   0.00000000000E+00
   2   5   1   0.00000000000E+00
   3   5   1   0.00000000000E+00
   4   5   1   0.00000000000E+00
   5   5   1   0.00000000000E+00
   6   5   1   0.00000000000E+00
   1   6   1   0.00000000000E+00
   2   6   1   0.00000000000E+00
   3   6   1   0.00000000000E+00
   4   6   1   0.00000000000E+00
   5   6   1   0.00000000000E+00
   6   6   1   0.00000000000E+00
   3   2   1   2
   1   1   1   0.00000000000E+00
   2   1   1   0.00000000000E+00
   3   1   1   0.00000000000E+00
   4   1   1   0.00000000000E+00
   5   1   1   0.00000000000E+00
   6   1   1   0.00000000000E+00
   1   2   1   0.00000000000E+00
   2   2   1   0.00000000000E+00
   3   2   1   0.00000000000E+00
   4   2   1   0.00000000000E+00
   5   2   1   0.00000000000E+00
   6   2   1   0.00000000000E+00
   1   3   1   0.00000000000E+00
   2   3   1   0.00000000000E+00
   3   3   1   0.00000000000E+00
   4   3   1   0.00000000000E+00
   5   3   1   0.00000000000E+00
   6   3   1   0.00000000000E+00
   1   4   1   0.00000000000E+00
   2   4   1   0.00000000000E+00
   3   4   1   0.00000000000E+00
   4   4   1   0.00000000000E+00
   5   4   1   0.00000000000E+00
   6   4   1   0.00000000000E+00
   1   5   1   0.00000000000E+00
   2   5   1   0.00000000000E+00
   3   5   1   0.00000000000E+00
   4   5   1   0.00000000000E+00
   5   5   1   0.00000000000E+00
   6   5   1   0.00000000000E+00
   1   6   1   0.00000000000E+00
   2   6   1   0.00000000000E+00
   3   6   1   0.00000000000E+00
   4   6   1   0.00000000000E+00
   5   6   1   0.00000000000E+00
   6   6   1   0.00000000000E+00
   3   2   2   1
   1   1   1   0.00000000000E+00
   2   1   1   0.00000000000E+00
   3   1   1   0.00000000000E+00
   4   1   1   0.00000000000E+00
   5   1   1   0.00000000000E+00
   6   1   1   0.00000000000E+00
   1   2   1   0.00000000000E+00
   2   2   1   0.00000000000E+00
   3   2   1   0.00000000000E+00
   4   2   1   0.00000000000E+00
   5   2   1   0.00000000000E+00
   6   2   1   0.00000000000E+00
   1   3   1   0.00000000000E+00
   2   3   1   0.00000000000E+00
   3   3   1   0.00000000000E+00
   4   3   1   0.00000000000E+00
   5   3   1   0.00000000000E+00
   6   3   1   0.00000000000E+00
   1   4   1   0.00000000000E+00
   2   4   1   0.00000000000E+00
   3   4   1   0.00000000000E+00
   4   4   1   0.00000000000E+00
   5   4   1   0.00000000000E+00
   6   4   1   0.00000000000E+00
   1   5   1   0.00000000000E+00
   2   5   1   0.00000000000E+00
   3   5   1   0.00000000000E+00
   4   5   1   0.00000000000E+00
   5   5   1   0.00000000000E+00
   6   5   1   0.00000000000E+00
   1   6   1   0.00000000000E+00
   2   6   1   0.00000000000E+00
   3   6   1   0.00000000000E+00
   4   6   1   0.00000000000E+00
   5   6   1   0.00000000000E+00
   6   6   1   0.00000000000E+00
   3   2   2   2
   1   1   1   0.00000000000E+00
   2   1   1   0.00000000000E+00
   3   1   1   0.00000000000E+00
   4   1   1   0.00000000000E+00
   5   1   1   0.00000000000E+00
   6   1   1   0.00000000000E+00
   1   2   1   0.00000000000E+00
   2   2   1   0.00000000000E+00
   3   2   1   0.00000000000E+00
   4   2   1   0.00000000000E+00
   5   2   1   0.00000000000E+00
   6   2   1   0.00000000000E+00
   1   3   1   0.00000000000E+00
   2   3   1   0.00000000000E+00
   3   3   1   0.00000000000E+00
   4   3   1   0.00000000000E+00
   5   3   1   0.00000000000E+00
   6   3   1   0.00000000000E+00
   1   4   1   0.00000000000E+00
   2   4   1   0.00000000000E+00
   3   4   1   0.00000000000E+00
   4   4   1   0.00000000000E+00
   5   4   1   0.00000000000E+00
   6   4   1   0.00000000000E+00
   1   5   1   0.00000000000E+00
   2   5   1   0.00000000000E+00
   3   5   1   0.00000000000E+00
   4   5   1   0.00000000000E+00
   5   5   1   0.00000000000E+00
   6   5   1   0.00000000000E+00
   1   6   1   0.00000000000E+00
   2   6   1   0.00000000000E+00
   3   6   1   0.00000000000E+00
   4   6   1   0.00000000000E+00
   5   6   1   0.00000000000E+00
   6   6   1   0.00000000000E+00
   3   3   1   1
   1   1   1   5.55555555556E-10
   2   1   1   5.55555555556E-10
   3   1   1   5.55555555556E-10
   4   1   1   5.55555555556E-10
   5   1   1   5.55555555556E-10
   6   1   1   5.55555555556E-10
   1   2   1   5.55555555556E-10
   2   2   1   5.55555555556E-10
   3   2   1   5.55555555556E-10
   4   2   1   5.55555555556E-10
   5   2   1   5.55555555556E-10
   6   2   1   5.55555555556E-10
   1   3   1   5.55555555556E-10
   2   3   1   5.55555555556E-10
   3   3   1   5.55555555556E-10
   4   3   1   5.55555555556E-10
   5   3   1   5.55555555556E-10
   6   3   1   5.55555555556E-10
   1   4   1   5.55555555556E-10
   2   4   1   5.55555555556E-10
   3   4   1   5.55555555556E-10
   4   4   1   5.55555555556E-10
   5   4   1   5.55555555556E-10
   6   4   1   5.55555555556E-10
   1   5   1   5.55555555556E-10
   2   5   1   5.55555555556E-10
   3   5   1   5.55555555556E-10
   4   5   1   5.55555555556E-10
   5   5   1   5.55555555556E-10
   6   5   1   5.55555555556E-10
   1   6   1   5.55555555556E-10
   2   6   1   5.55555555556E-10
   3   6   1   5.55555555556E-10
   4   6   1   5.55555555556E-10
   5   6   1   5.55555555556E-10
   6   6   1   5.55555555556E-10
   3   3   1   2
   1   1   1   5.55555555556E-10
   2   1   1   5.55555555556E-10
   3   1   1   5.55555555556E-10
   4   1   1   5.55555555556E-10
   5   1   1   5.55555555556E-10
   6   1   1   5.55555555556E-10
   1   2   1   5.55555555556E-10
   2   2   1   5.55555555556E-10
   3   2   1   5.55555555556E-10
   4   2   1   5.55555555556E-10
   5   2   1   5.55555555556E-10
   6   2   1   5.55555555556E-10
   1   3   1   5.55555555556E-10
   2   3   1   5.55555555556E-10
   3   3   1   5.55555555556E-10
   4   3   1   5.55555555556E-10
   5   3   1   5.55555555556E-10
   6   3   1   5.55555555556E-10
   1   4   1   5.55555555556E-10
   2   4   1   5.55555555556E-10
   3   4   1   5.55555555556E-10
   4   4   1   5.55555555556E-10
   5   4   1   5.55555555556E-10
   6   4   1   5.55555555556E-10
   1   5   1   5.55555555556E-10
   2   5   1   5.55555555556E-10
   3   5   1   5.55555555556E-10
   4   5   1   5.55555555556E-10
   5   5   1   5.55555555556E-10
   6   5   1   5.55555555556E-10
   1   6   1   5.55555555556E-10
   2   6   1   5.55555555556E-10
   3   6   1   5.55555555556E-10
   4   6   1   5.55555555556E-10
   5   6   1   5.55555555556E-10
   6   6   1   5.55555555556E-10
   3   3   2   1
   1   1   1   5.55555555556E-10
   2   1   1   5.55555555556E-10
   3   1   1   5.55555555556E-10
   4   1   1   5.55555555556E-10
   5   1   1   5.55555555556E-10
   6   1   1   5.55555555556E-10
   1   2   1   5.55555555556E-10
   2   2   1   5.55555555556E-10
   3   2   1   5.55555555556E-10
   4   2   1   5.55555555556E-10
   5   2   1   5.55555555556E-10
   6   2   1   5.55555555556E-10
   1   3   1   5.55555555556E-10
   2   3   1   5.55555555556E-10
   3   3   1   5.55555555556E-10
   4   3   1   5.55555555556E-10
   5   3   1   5.55555555556E-10
   6   3   1   5.55555555556E-10
   1   4   1   5.55555555556E-10
   2   4   1   5.55555555556E-10
   3   4   1   5.55555555556E-10
   4   4   1   5.55555555556E-10
   5   4   1   5.55555555556E-10
   6   4   1   5.55555555556E-10
   1   5   1   5.55555555556E-10
   2   5   1   5.55555555556E-10
   3   5   1   5.55555555556E-10
   4   5   1   5.55555555556E-10
   5   5   1   5.55555555556E-10
   6   5   1   5.55555555556E-10
   1   6   1   5.55555555556E-10
   2   6   1   5.55555555556E-10
   3   6   1   5.55555555556E-10
   4   6   1   5.55555555556E-10
   5   6   1   5.55555555556E-10
   6   6   1   5.55555555556E-10
   3   3   2   2
   1   1   1   5.55555555556E-10
   2   1   1   5.55555555556E-10
   3   1   1   5.55555555556E-10
   4   1   1   5.55555555556E-10
   5   1   1   5.55555555556E-10
   6   1   1   5.55555555556E-10
   1   2   1   5.55555555556E-10
   2   2   1   5.55555555556E-10
   3   2   1   5.55555555556E-10
   4   2   1   5.55555555556E-10
   5   2   1   5.55555555556E-10
   6   2   1   5.55555555556E-10
   1   3   1   5.55555555556E-10
   2   3   1   5.55555555556E-10
   3   3   1   5.55555555556E-10
   4   3   1   5.55555555556E-10
   5   3   1   5.55555555556E-10
   6   3   1   5.55555555556E-10
   1   4   1   5.55555555556E-10
   2   4   1   5.55555555556E-10
   3   4   1   5.55555555556E-10
   4   4   1   5.55555555556E-10
   5   4   1   5.55555555556E-10
   6   4   1   5.55555555556E-10
   1   5   1   5.55555555556E-10
   2   5   1   5.55555555556E-10
   3   5   1   5.55555555556E-10
   4   5   1   5.55555555556E-10
   5   5   1   5.55555555556E-10
   6   5   1   5.55555555556E-10
   1   6   1   5.55555555556E-10
   2   6   1   5.55555555556E-10
   3   6   1   5.55555555556E-10
   4   6   1   5.55555555556E-10
   5   6   1   5.55555555556E-10
   6   6   1   5.55555555556E-10
