  6.000000000000000E-002 -0.313036072294167       0.390419582479501     
   6   6   1
   1   1   1   1
   1   1   1   1.47666597222E-02
   2   1   1   3.70342611111E-03
   3   1   1   2.88623388889E-03
   4   1   1   1.25928852778E-02
   5   1   1   2.88623388889E-03
   6   1   1   3.70342611111E-03
   1   2   1   3.36499166667E-03
   2   2   1   3.36499166667E-03
   3   2   1   1.33987883333E-02
   4   2   1   3.10533000000E-03
   5   2   1   3.10533000000E-03
   6   2   1   1.33987883333E-02
   1   3   1   2.97553388889E-03
   2   3   1   1.29664344444E-02
   3   3   1   2.97553388889E-03
   4   3   1   3.12485777778E-03
   5   3   1   1.29998022222E-02
   6   3   1   3.12485777778E-03
   1   4   1   1.27158275000E-02
   2   4   1   2.99006000000E-03
   3   4   1   2.99006000000E-03
   4   4   1   1.27158275000E-02
   5   4   1   2.99006000000E-03
   6   4   1   2.99006000000E-03
   1   5   1   2.97553388889E-03
   2   5   1   3.12485777778E-03
   3   5   1   1.29998022222E-02
   4   5   1   3.12485777778E-03
   5   5   1   2.97553388889E-03
   6   5   1   1.29664344444E-02
   1   6   1   3.36499166667E-03
   2   6   1   1.33987883333E-02
   3   6   1   3.10533000000E-03
   4   6   1   3.10533000000E-03
   5   6   1   1.33987883333E-02
   6   6   1   3.36499166667E-03
   1   1   1   2
   1   1   1  -1.06269811111E-02
   2   1   1  -1.06269798299E-02
   3   1   1  -3.50466653332E-04
   4   1   1  -9.09571777778E-03
   5   1   1  -9.09571723556E-03
   6   1   1  -3.50467392274E-04
   1   2   1  -9.78984890287E-03
   2   2   1  -2.26566232546E-04
   3   2   1  -9.78984808869E-03
   4   2   1  -9.66063965213E-03
   5   2   1  -3.35349699564E-04
   6   2   1  -9.66063796207E-03
   1   3   1  -1.69935326682E-04
   2   3   1  -9.37338625482E-03
   3   3   1  -9.37338661339E-03
   4   3   1  -1.69935427208E-04
   5   3   1  -9.41605996346E-03
   6   3   1  -9.41606022151E-03
   1   4   1  -9.14958500000E-03
   2   4   1  -9.21850735107E-03
   3   4   1  -2.06913337781E-04
   4   4   1  -9.21850833333E-03
   5   4   1  -9.14958499555E-03
   6   4   1  -1.10234315592E-04
   1   5   1  -9.24737689554E-03
   2   5   1  -2.30258667379E-04
   3   5   1  -9.37809725876E-03
   4   5   1  -9.37809679501E-03
   5   5   1  -2.30258942161E-04
   6   5   1  -9.24737763407E-03
   1   6   1  -4.79941097127E-04
   2   6   1  -9.79973703793E-03
   3   6   1  -9.49092696710E-03
   4   6   1  -1.94497014538E-04
   5   6   1  -9.49092691131E-03
   6   6   1  -9.79973710079E-03
   1   1   2   1
   1   1   1  -1.06269811111E-02
   2   1   1  -3.50467392274E-04
   3   1   1  -9.09571723556E-03
   4   1   1  -9.09571777778E-03
   5   1   1  -3.50466653332E-04
   6   1   1  -1.06269798299E-02
   1   2   1  -4.79941097127E-04
   2   2   1  -9.79973710079E-03
   3   2   1  -9.49092691131E-03
   4   2   1  -1.94497014538E-04
   5   2   1  -9.49092696710E-03
   6   2   1  -9.79973703793E-03
   1   3   1  -9.24737689554E-03
   2   3   1  -9.24737763407E-03
   3   3   1  -2.30258942161E-04
   4   3   1  -9.37809679501E-03
   5   3   1  -9.37809725876E-03
   6   3   1  -2.30258667379E-04
   1   4   1  -9.14958500000E-03
   2   4   1  -1.10234315592E-04
   3   4   1  -9.14958499555E-03
   4   4   1  -9.21850833333E-03
   5   4   1  -2.06913337781E-04
   6   4   1  -9.21850735107E-03
   1   5   1  -1.69935326682E-04
   2   5   1  -9.41606022151E-03
   3   5   1  -9.41605996346E-03
   4   5   1  -1.69935427208E-04
   5   5   1  -9.37338661339E-03
   6   5   1  -9.37338625482E-03
   1   6   1  -9.78984890287E-03
   2   6   1  -9.66063796207E-03
   3   6   1  -3.35349699564E-04
   4   6   1  -9.66063965213E-03
   5   6   1  -9.78984808869E-03
   6   6   1  -2.26566232546E-04
   1   1   2   2
   1   1   1   1.47666597222E-02
   2   1   1   3.70342611111E-03
   3   1   1   2.88623388889E-03
   4   1   1   1.25928852778E-02
   5   1   1   2.88623388889E-03
   6   1   1   3.70342611111E-03
   1   2   1   3.36499166667E-03
   2   2   1   3.36499166667E-03
   3   2   1   1.33987883333E-02
   4   2   1   3.10533000000E-03
   5   2   1   3.10533000000E-03
   6   2   1   1.33987883333E-02
   1   3   1   2.97553388889E-03
   2   3   1   1.29664344444E-02
   3   3   1   2.97553388889E-03
   4   3   1   3.12485777778E-03
   5   3   1   1.29998022222E-02
   6   3   1   3.12485777778E-03
   1   4   1   1.27158275000E-02
   2   4   1   2.99006000000E-03
   3   4   1   2.99006000000E-03
   4   4   1   1.27158275000E-02
   5   4   1   2.99006000000E-03
   6   4   1   2.99006000000E-03
   1   5   1   2.97553388889E-03
   2   5   1   3.12485777778E-03
   3   5   1   1.29998022222E-02
   4   5   1   3.12485777778E-03
   5   5   1   2.97553388889E-03
   6   5   1   1.29664344444E-02
   1   6   1   3.36499166667E-03
   2   6   1   1.33987883333E-02
   3   6   1   3.10533000000E-03
   4   6   1   3.10533000000E-03
   5   6   1   1.33987883333E-02
   6   6   1   3.36499166667E-03
   1   2   1   1
   1   1   1  -3.01167270135E-20
   2   1   1  -5.11675377031E-03
   3   1   1   4.81709743360E-03
   4   1   1   6.02334540270E-21
   5   1   1  -4.81709743360E-03
   6   1   1   5.11675377031E-03
   1   2   1  -5.31214793698E-03
   2   2   1   5.31214793698E-03
   3   2   1   2.49620000000E-04
   4   2   1  -4.74869395666E-03
   5   2   1   4.74869395666E-03
   6   2   1  -2.49620000000E-04
   1   3   1   4.86865493360E-03
   2   3   1   2.87109190494E-19
   3   3   1  -4.86865493360E-03
   4   3   1   4.89307062332E-03
   5   3   1  -6.96396675475E-19
   6   3   1  -4.89307062332E-03
   1   4   1   7.09800000000E-05
   2   4   1  -4.81524478999E-03
   3   4   1   4.81524478999E-03
   4   4   1  -7.09800000000E-05
   5   4   1  -4.83779478999E-03
   6   4   1   4.83779478999E-03
   1   5   1  -4.76553993360E-03
   2   5   1   4.75996895666E-03
   3   5   1  -8.72245690507E-20
   4   5   1  -4.75996895666E-03
   5   5   1   4.76553993360E-03
   6   5   1  -2.40590202816E-19
   1   6   1   4.92135960365E-03
   2   6   1  -2.49620000000E-04
   3   6   1  -4.90434562332E-03
   4   6   1   4.90434562332E-03
   5   6   1   2.49620000000E-04
   6   6   1  -4.92135960365E-03
   1   2   1   2
   1   1   1   5.85839666667E-03
   2   1   1  -5.85839670025E-03
   3   1   1  -3.13196890150E-04
   4   1   1   5.18440333333E-03
   5   1   1  -5.18440310985E-03
   6   1   1   3.13196700253E-04
   1   2   1  -5.13663391395E-03
   2   2   1  -1.21722748738E-10
   3   2   1   5.13663351947E-03
   4   2   1  -5.51392881882E-03
   5   2   1   3.94478983142E-10
   6   2   1   5.51392894055E-03
   1   3   1  -3.11006752586E-05
   2   3   1   5.34664990445E-03
   3   3   1  -5.34664928337E-03
   4   3   1   3.11008837272E-05
   5   3   1   5.24274926499E-03
   6   3   1  -5.24275009454E-03
   1   4   1   5.15330111111E-03
   2   4   1  -5.21001452356E-03
   3   4   1   1.87308132805E-10
   4   4   1   5.21001444444E-03
   5   4   1  -5.15330129842E-03
   6   4   1   7.91127151130E-11
   1   5   1  -5.44982932474E-03
   2   5   1   6.78600945363E-05
   3   5   1   5.29498406834E-03
   4   5   1  -5.29498421706E-03
   5   5   1  -6.78607166321E-05
   6   5   1   5.44983009555E-03
   1   6   1  -5.30494285822E-10
   2   6   1   5.52707328168E-03
   3   6   1  -5.27878817226E-03
   4   6   1   1.04104630976E-09
   5   6   1   5.27878870275E-03
   6   6   1  -5.52707432272E-03
   1   2   2   1
   1   1   1   5.85839666667E-03
   2   1   1   3.13196700253E-04
   3   1   1  -5.18440310985E-03
   4   1   1   5.18440333333E-03
   5   1   1  -3.13196890150E-04
   6   1   1  -5.85839670025E-03
   1   2   1  -5.30494285822E-10
   2   2   1  -5.52707432272E-03
   3   2   1   5.27878870275E-03
   4   2   1   1.04104630976E-09
   5   2   1  -5.27878817226E-03
   6   2   1   5.52707328168E-03
   1   3   1  -5.44982932474E-03
   2   3   1   5.44983009555E-03
   3   3   1  -6.78607166321E-05
   4   3   1  -5.29498421706E-03
   5   3   1   5.29498406834E-03
   6   3   1   6.78600945363E-05
   1   4   1   5.15330111111E-03
   2   4   1   7.91127151130E-11
   3   4   1  -5.15330129842E-03
   4   4   1   5.21001444444E-03
   5   4   1   1.87308132805E-10
   6   4   1  -5.21001452356E-03
   1   5   1  -3.11006752586E-05
   2   5   1  -5.24275009454E-03
   3   5   1   5.24274926499E-03
   4   5   1   3.11008837272E-05
   5   5   1  -5.34664928337E-03
   6   5   1   5.34664990445E-03
   1   6   1  -5.13663391395E-03
   2   6   1   5.51392894055E-03
   3   6   1   3.94478983142E-10
   4   6   1  -5.51392881882E-03
   5   6   1   5.13663351947E-03
   6   6   1  -1.21722748738E-10
   1   2   2   2
   1   1   1  -3.01167270135E-20
   2   1   1   5.11675377031E-03
   3   1   1  -4.81709743360E-03
   4   1   1   6.02334540270E-21
   5   1   1   4.81709743360E-03
   6   1   1  -5.11675377031E-03
   1   2   1   4.92135960365E-03
   2   2   1  -4.92135960365E-03
   3   2   1   2.49620000000E-04
   4   2   1   4.90434562332E-03
   5   2   1  -4.90434562332E-03
   6   2   1  -2.49620000000E-04
   1   3   1  -4.76553993360E-03
   2   3   1  -2.40590202816E-19
   3   3   1   4.76553993360E-03
   4   3   1  -4.75996895666E-03
   5   3   1  -8.72245690507E-20
   6   3   1   4.75996895666E-03
   1   4   1   7.09800000000E-05
   2   4   1   4.83779478999E-03
   3   4   1  -4.83779478999E-03
   4   4   1  -7.09800000000E-05
   5   4   1   4.81524478999E-03
   6   4   1  -4.81524478999E-03
   1   5   1   4.86865493360E-03
   2   5   1  -4.89307062332E-03
   3   5   1  -6.96396675475E-19
   4   5   1   4.89307062332E-03
   5   5   1  -4.86865493360E-03
   6   5   1   2.87109190494E-19
   1   6   1  -5.31214793698E-03
   2   6   1  -2.49620000000E-04
   3   6   1   4.74869395666E-03
   4   6   1  -4.74869395666E-03
   5   6   1   2.49620000000E-04
   6   6   1   5.31214793698E-03
   1   3   1   1
   1   1   1   0.00000000000E+00
   2   1   1   0.00000000000E+00
   3   1   1   0.00000000000E+00
   4   1   1   0.00000000000E+00
   5   1   1   0.00000000000E+00
   6   1   1   0.00000000000E+00
   1   2   1   0.00000000000E+00
   2   2   1   0.00000000000E+00
   3   2   1   0.00000000000E+00
   4   2   1   0.00000000000E+00
   5   2   1   0.00000000000E+00
   6   2   1   0.00000000000E+00
   1   3   1   0.00000000000E+00
   2   3   1   0.00000000000E+00
   3   3   1   0.00000000000E+00
   4   3   1   0.00000000000E+00
   5   3   1   0.00000000000E+00
   6   3   1   0.00000000000E+00
   1   4   1   0.00000000000E+00
   2   4   1   0.00000000000E+00
   3   4   1   0.00000000000E+00
   4   4   1   0.00000000000E+00
   5   4   1   0.00000000000E+00
   6   4   1   0.00000000000E+00
   1   5   1   0.00000000000E+00
   2   5   1   0.00000000000E+00
   3   5   1   0.00000000000E+00
   4   5   1   0.00000000000E+00
   5   5   1   0.00000000000E+00
   6   5   1   0.00000000000E+00
   1   6   1   0.00000000000E+00
   2   6   1   0.00000000000E+00
   3   6   1   0.00000000000E+00
   4   6   1   0.00000000000E+00
   5   6   1   0.00000000000E+00
   6   6   1   0.00000000000E+00
   1   3   1   2
   1   1   1   0.00000000000E+00
   2   1   1   0.00000000000E+00
   3   1   1   0.00000000000E+00
   4   1   1   0.00000000000E+00
   5   1   1   0.00000000000E+00
   6   1   1   0.00000000000E+00
   1   2   1   0.00000000000E+00
   2   2   1   0.00000000000E+00
   3   2   1   0.00000000000E+00
   4   2   1   0.00000000000E+00
   5   2   1   0.00000000000E+00
   6   2   1   0.00000000000E+00
   1   3   1   0.00000000000E+00
   2   3   1   0.00000000000E+00
   3   3   1   0.00000000000E+00
   4   3   1   0.00000000000E+00
   5   3   1   0.00000000000E+00
   6   3   1   0.00000000000E+00
   1   4   1   0.00000000000E+00
   2   4   1   0.00000000000E+00
   3   4   1   0.00000000000E+00
   4   4   1   0.00000000000E+00
   5   4   1   0.00000000000E+00
   6   4   1   0.00000000000E+00
   1   5   1   0.00000000000E+00
   2   5   1   0.00000000000E+00
   3   5   1   0.00000000000E+00
   4   5   1   0.00000000000E+00
   5   5   1   0.00000000000E+00
   6   5   1   0.00000000000E+00
   1   6   1   0.00000000000E+00
   2   6   1   0.00000000000E+00
   3   6   1   0.00000000000E+00
   4   6   1   0.00000000000E+00
   5   6   1   0.00000000000E+00
   6   6   1   0.00000000000E+00
   1   3   2   1
   1   1   1   0.00000000000E+00
   2   1   1   0.00000000000E+00
   3   1   1   0.00000000000E+00
   4   1   1   0.00000000000E+00
   5   1   1   0.00000000000E+00
   6   1   1   0.00000000000E+00
   1   2   1   0.00000000000E+00
   2   2   1   0.00000000000E+00
   3   2   1   0.00000000000E+00
   4   2   1   0.00000000000E+00
   5   2   1   0.00000000000E+00
   6   2   1   0.00000000000E+00
   1   3   1   0.00000000000E+00
   2   3   1   0.00000000000E+00
   3   3   1   0.00000000000E+00
   4   3   1   0.00000000000E+00
   5   3   1   0.00000000000E+00
   6   3   1   0.00000000000E+00
   1   4   1   0.00000000000E+00
   2   4   1   0.00000000000E+00
   3   4   1   0.00000000000E+00
   4   4   1   0.00000000000E+00
   5   4   1   0.00000000000E+00
   6   4   1   0.00000000000E+00
   1   5   1   0.00000000000E+00
   2   5   1   0.00000000000E+00
   3   5   1   0.00000000000E+00
   4   5   1   0.00000000000E+00
   5   5   1   0.00000000000E+00
   6   5   1   0.00000000000E+00
   1   6   1   0.00000000000E+00
   2   6   1   0.00000000000E+00
   3   6   1   0.00000000000E+00
   4   6   1   0.00000000000E+00
   5   6   1   0.00000000000E+00
   6   6   1   0.00000000000E+00
   1   3   2   2
   1   1   1   0.00000000000E+00
   2   1   1   0.00000000000E+00
   3   1   1   0.00000000000E+00
   4   1   1   0.00000000000E+00
   5   1   1   0.00000000000E+00
   6   1   1   0.00000000000E+00
   1   2   1   0.00000000000E+00
   2   2   1   0.00000000000E+00
   3   2   1   0.00000000000E+00
   4   2   1   0.00000000000E+00
   5   2   1   0.00000000000E+00
   6   2   1   0.00000000000E+00
   1   3   1   0.00000000000E+00
   2   3   1   0.00000000000E+00
   3   3   1   0.00000000000E+00
   4   3   1   0.00000000000E+00
   5   3   1   0.00000000000E+00
   6   3   1   0.00000000000E+00
   1   4   1   0.00000000000E+00
   2   4   1   0.00000000000E+00
   3   4   1   0.00000000000E+00
   4   4   1   0.00000000000E+00
   5   4   1   0.00000000000E+00
   6   4   1   0.00000000000E+00
   1   5   1   0.00000000000E+00
   2   5   1   0.00000000000E+00
   3   5   1   0.00000000000E+00
   4   5   1   0.00000000000E+00
   5   5   1   0.00000000000E+00
   6   5   1   0.00000000000E+00
   1   6   1   0.00000000000E+00
   2   6   1   0.00000000000E+00
   3   6   1   0.00000000000E+00
   4   6   1   0.00000000000E+00
   5   6   1   0.00000000000E+00
   6   6   1   0.00000000000E+00
   2   1   1   1
   1   1   1  -3.01167270135E-20
   2   1   1   5.11675377031E-03
   3   1   1  -4.81709743360E-03
   4   1   1   6.02334540270E-21
   5   1   1   4.81709743360E-03
   6   1   1  -5.11675377031E-03
   1   2   1   4.92135960365E-03
   2   2   1  -4.92135960365E-03
   3   2   1   2.49620000000E-04
   4   2   1   4.90434562332E-03
   5   2   1  -4.90434562332E-03
   6   2   1  -2.49620000000E-04
   1   3   1  -4.76553993360E-03
   2   3   1  -2.40590202816E-19
   3   3   1   4.76553993360E-03
   4   3   1  -4.75996895666E-03
   5   3   1  -8.72245690507E-20
   6   3   1   4.75996895666E-03
   1   4   1   7.09800000000E-05
   2   4   1   4.83779478999E-03
   3   4   1  -4.83779478999E-03
   4   4   1  -7.09800000000E-05
   5   4   1   4.81524478999E-03
   6   4   1  -4.81524478999E-03
   1   5   1   4.86865493360E-03
   2   5   1  -4.89307062332E-03
   3   5   1  -6.96396675475E-19
   4   5   1   4.89307062332E-03
   5   5   1  -4.86865493360E-03
   6   5   1   2.87109190494E-19
   1   6   1  -5.31214793698E-03
   2   6   1  -2.49620000000E-04
   3   6   1   4.74869395666E-03
   4   6   1  -4.74869395666E-03
   5   6   1   2.49620000000E-04
   6   6   1   5.31214793698E-03
   2   1   1   2
   1   1   1   5.85839666667E-03
   2   1   1  -5.85839670025E-03
   3   1   1  -3.13196890150E-04
   4   1   1   5.18440333333E-03
   5   1   1  -5.18440310985E-03
   6   1   1   3.13196700253E-04
   1   2   1  -5.13663391395E-03
   2   2   1  -1.21722748738E-10
   3   2   1   5.13663351947E-03
   4   2   1  -5.51392881882E-03
   5   2   1   3.94478983142E-10
   6   2   1   5.51392894055E-03
   1   3   1  -3.11006752586E-05
   2   3   1   5.34664990445E-03
   3   3   1  -5.34664928337E-03
   4   3   1   3.11008837272E-05
   5   3   1   5.24274926499E-03
   6   3   1  -5.24275009454E-03
   1   4   1   5.15330111111E-03
   2   4   1  -5.21001452356E-03
   3   4   1   1.87308132805E-10
   4   4   1   5.21001444444E-03
   5   4   1  -5.15330129842E-03
   6   4   1   7.91127151130E-11
   1   5   1  -5.44982932474E-03
   2   5   1   6.78600945363E-05
   3   5   1   5.29498406834E-03
   4   5   1  -5.29498421706E-03
   5   5   1  -6.78607166321E-05
   6   5   1   5.44983009555E-03
   1   6   1  -5.30494285822E-10
   2   6   1   5.52707328168E-03
   3   6   1  -5.27878817226E-03
   4   6   1   1.04104630976E-09
   5   6   1   5.27878870275E-03
   6   6   1  -5.52707432272E-03
   2   1   2   1
   1   1   1   5.85839666667E-03
   2   1   1   3.13196700253E-04
   3   1   1  -5.18440310985E-03
   4   1   1   5.18440333333E-03
   5   1   1  -3.13196890150E-04
   6   1   1  -5.85839670025E-03
   1   2   1  -5.30494285822E-10
   2   2   1  -5.52707432272E-03
   3   2   1   5.27878870275E-03
   4   2   1   1.04104630976E-09
   5   2   1  -5.27878817226E-03
   6   2   1   5.52707328168E-03
   1   3   1  -5.44982932474E-03
   2   3   1   5.44983009555E-03
   3   3   1  -6.78607166321E-05
   4   3   1  -5.29498421706E-03
   5   3   1   5.29498406834E-03
   6   3   1   6.78600945363E-05
   1   4   1   5.15330111111E-03
   2   4   1   7.91127151130E-11
   3   4   1  -5.15330129842E-03
   4   4   1   5.21001444444E-03
   5   4   1   1.87308132805E-10
   6   4   1  -5.21001452356E-03
   1   5   1  -3.11006752586E-05
   2   5   1  -5.24275009454E-03
   3   5   1   5.24274926499E-03
   4   5   1   3.11008837272E-05
   5   5   1  -5.34664928337E-03
   6   5   1   5.34664990445E-03
   1   6   1  -5.13663391395E-03
   2   6   1   5.51392894055E-03
   3   6   1   3.94478983142E-10
   4   6   1  -5.51392881882E-03
   5   6   1   5.13663351947E-03
   6   6   1  -1.21722748738E-10
   2   1   2   2
   1   1   1  -3.01167270135E-20
   2   1   1  -5.11675377031E-03
   3   1   1   4.81709743360E-03
   4   1   1   6.02334540270E-21
   5   1   1  -4.81709743360E-03
   6   1   1   5.11675377031E-03
   1   2   1  -5.31214793698E-03
   2   2   1   5.31214793698E-03
   3   2   1   2.49620000000E-04
   4   2   1  -4.74869395666E-03
   5   2   1   4.74869395666E-03
   6   2   1  -2.49620000000E-04
   1   3   1   4.86865493360E-03
   2   3   1   2.87109190494E-19
   3   3   1  -4.86865493360E-03
   4   3   1   4.89307062332E-03
   5   3   1  -6.96396675475E-19
   6   3   1  -4.89307062332E-03
   1   4   1   7.09800000000E-05
   2   4   1  -4.81524478999E-03
   3   4   1   4.81524478999E-03
   4   4   1  -7.09800000000E-05
   5   4   1  -4.83779478999E-03
   6   4   1   4.83779478999E-03
   1   5   1  -4.76553993360E-03
   2   5   1   4.75996895666E-03
   3   5   1  -8.72245690507E-20
   4   5   1  -4.75996895666E-03
   5   5   1   4.76553993360E-03
   6   5   1  -2.40590202816E-19
   1   6   1   4.92135960365E-03
   2   6   1  -2.49620000000E-04
   3   6   1  -4.90434562332E-03
   4   6   1   4.90434562332E-03
   5   6   1   2.49620000000E-04
   6   6   1  -4.92135960365E-03
   2   2   1   1
   1   1   1   1.47666594444E-02
   2   1   1   3.25218138889E-03
   3   1   1   3.00530027778E-03
   4   1   1   1.27568072222E-02
   5   1   1   3.00530027778E-03
   6   1   1   3.25218138889E-03
   1   2   1   3.59061388889E-03
   2   2   1   3.59061388889E-03
   3   2   1   1.31105522222E-02
   4   2   1   3.04150222222E-03
   5   2   1   3.04150222222E-03
   6   2   1   1.31105522222E-02
   1   3   1   2.91600111111E-03
   2   3   1   1.35429072222E-02
   3   3   1   2.91600111111E-03
   4   3   1   3.02197388889E-03
   5   3   1   1.29998027778E-02
   6   3   1   3.02197388889E-03
   1   4   1   1.26338655556E-02
   2   4   1   3.15677138889E-03
   3   4   1   3.15677138889E-03
   4   4   1   1.26338655556E-02
   5   4   1   3.15677138889E-03
   6   4   1   3.15677138889E-03
   1   5   1   2.91600111111E-03
   2   5   1   3.02197388889E-03
   3   5   1   1.29998027778E-02
   4   5   1   3.02197388889E-03
   5   5   1   2.91600111111E-03
   6   5   1   1.35429072222E-02
   1   6   1   3.59061388889E-03
   2   6   1   1.31105522222E-02
   3   6   1   3.04150222222E-03
   4   6   1   3.04150222222E-03
   5   6   1   1.31105522222E-02
   6   6   1   3.59061388889E-03
   2   2   1   2
   1   1   1  -3.86228666667E-03
   2   1   1  -3.86228659327E-03
   3   1   1  -1.25746625086E-02
   4   1   1  -3.18110888889E-03
   5   1   1  -3.18110915809E-03
   6   1   1  -1.25746628512E-02
   1   2   1  -3.13528245168E-03
   2   2   1  -1.29907937675E-02
   3   2   1  -3.13527945186E-03
   4   2   1  -3.29370189020E-03
   5   2   1  -1.24429634932E-02
   6   2   1  -3.29370175024E-03
   1   3   1  -1.21068894003E-02
   2   3   1  -3.35632898242E-03
   3   3   1  -3.35632783105E-03
   4   3   1  -1.21068902802E-02
   5   3   1  -3.36225389145E-03
   6   3   1  -3.36225186015E-03
   1   4   1  -3.12723944444E-03
   2   4   1  -3.20250110659E-03
   3   4   1  -1.24351570659E-02
   4   4   1  -3.20250166667E-03
   5   4   1  -3.12724015633E-03
   6   4   1  -1.28441072267E-02
   1   5   1  -3.67775059971E-03
   2   5   1  -1.24994559176E-02
   3   5   1  -3.26397444188E-03
   4   5   1  -3.26397416422E-03
   5   5   1  -1.24994555023E-02
   6   5   1  -3.67775046203E-03
   1   6   1  -1.40093264372E-02
   2   6   1  -3.41762324976E-03
   3   6   1  -3.23878872901E-03
   4   6   1  -1.22265114431E-02
   5   6   1  -3.23878777037E-03
   6   6   1  -3.41762289921E-03
   2   2   2   1
   1   1   1  -3.86228666667E-03
   2   1   1  -1.25746628512E-02
   3   1   1  -3.18110915809E-03
   4   1   1  -3.18110888889E-03
   5   1   1  -1.25746625086E-02
   6   1   1  -3.86228659327E-03
   1   2   1  -1.40093264372E-02
   2   2   1  -3.41762289921E-03
   3   2   1  -3.23878777037E-03
   4   2   1  -1.22265114431E-02
   5   2   1  -3.23878872901E-03
   6   2   1  -3.41762324976E-03
   1   3   1  -3.67775059971E-03
   2   3   1  -3.67775046203E-03
   3   3   1  -1.24994555023E-02
   4   3   1  -3.26397416422E-03
   5   3   1  -3.26397444188E-03
   6   3   1  -1.24994559176E-02
   1   4   1  -3.12723944444E-03
   2   4   1  -1.28441072267E-02
   3   4   1  -3.12724015633E-03
   4   4   1  -3.20250166667E-03
   5   4   1  -1.24351570659E-02
   6   4   1  -3.20250110659E-03
   1   5   1  -1.21068894003E-02
   2   5   1  -3.36225186015E-03
   3   5   1  -3.36225389145E-03
   4   5   1  -1.21068902802E-02
   5   5   1  -3.35632783105E-03
   6   5   1  -3.35632898242E-03
   1   6   1  -3.13528245168E-03
   2   6   1  -3.29370175024E-03
   3   6   1  -1.24429634932E-02
   4   6   1  -3.29370189020E-03
   5   6   1  -3.13527945186E-03
   6   6   1  -1.29907937675E-02
   2   2   2   2
   1   1   1   1.47666594444E-02
   2   1   1   3.25218138889E-03
   3   1   1   3.00530027778E-03
   4   1   1   1.27568072222E-02
   5   1   1   3.00530027778E-03
   6   1   1   3.25218138889E-03
   1   2   1   3.59061388889E-03
   2   2   1   3.59061388889E-03
   3   2   1   1.31105522222E-02
   4   2   1   3.04150222222E-03
   5   2   1   3.04150222222E-03
   6   2   1   1.31105522222E-02
   1   3   1   2.91600111111E-03
   2   3   1   1.35429072222E-02
   3   3   1   2.91600111111E-03
   4   3   1   3.02197388889E-03
   5   3   1   1.29998027778E-02
   6   3   1   3.02197388889E-03
   1   4   1   1.26338655556E-02
   2   4   1   3.15677138889E-03
   3   4   1   3.15677138889E-03
   4   4   1   1.26338655556E-02
   5   4   1   3.15677138889E-03
   6   4   1   3.15677138889E-03
   1   5   1   2.91600111111E-03
   2   5   1   3.02197388889E-03
   3   5   1   1.29998027778E-02
   4   5   1   3.02197388889E-03
   5   5   1   2.91600111111E-03
   6   5   1   1.35429072222E-02
   1   6   1   3.59061388889E-03
   2   6   1   1.31105522222E-02
   3   6   1   3.04150222222E-03
   4   6   1   3.04150222222E-03
   5   6   1   1.31105522222E-02
   6   6   1   3.59061388889E-03
   2   3   1   1
   1   1   1   0.00000000000E+00
   2   1   1   0.00000000000E+00
   3   1   1   0.00000000000E+00
   4   1   1   0.00000000000E+00
   5   1   1   0.00000000000E+00
   6   1   1   0.00000000000E+00
   1   2   1   0.00000000000E+00
   2   2   1   0.00000000000E+00
   3   2   1   0.00000000000E+00
   4   2   1   0.00000000000E+00
   5   2   1   0.00000000000E+00
   6   2   1   0.00000000000E+00
   1   3   1   0.00000000000E+00
   2   3   1   0.00000000000E+00
   3   3   1   0.00000000000E+00
   4   3   1   0.00000000000E+00
   5   3   1   0.00000000000E+00
   6   3   1   0.00000000000E+00
   1   4   1   0.00000000000E+00
   2   4   1   0.00000000000E+00
   3   4   1   0.00000000000E+00
   4   4   1   0.00000000000E+00
   5   4   1   0.00000000000E+00
   6   4   1   0.00000000000E+00
   1   5   1   0.00000000000E+00
   2   5   1   0.00000000000E+00
   3   5   1   0.00000000000E+00
   4   5   1   0.00000000000E+00
   5   5   1   0.00000000000E+00
   6   5   1   0.00000000000E+00
   1   6   1   0.00000000000E+00
   2   6   1   0.00000000000E+00
   3   6   1   0.00000000000E+00
   4   6   1   0.00000000000E+00
   5   6   1   0.00000000000E+00
   6   6   1   0.00000000000E+00
   2   3   1   2
   1   1   1   0.00000000000E+00
   2   1   1   0.00000000000E+00
   3   1   1   0.00000000000E+00
   4   1   1   0.00000000000E+00
   5   1   1   0.00000000000E+00
   6   1   1   0.00000000000E+00
   1   2   1   0.00000000000E+00
   2   2   1   0.00000000000E+00
   3   2   1   0.00000000000E+00
   4   2   1   0.00000000000E+00
   5   2   1   0.00000000000E+00
   6   2   1   0.00000000000E+00
   1   3   1   0.00000000000E+00
   2   3   1   0.00000000000E+00
   3   3   1   0.00000000000E+00
   4   3   1   0.00000000000E+00
   5   3   1   0.00000000000E+00
   6   3   1   0.00000000000E+00
   1   4   1   0.00000000000E+00
   2   4   1   0.00000000000E+00
   3   4   1   0.00000000000E+00
   4   4   1   0.00000000000E+00
   5   4   1   0.00000000000E+00
   6   4   1   0.00000000000E+00
   1   5   1   0.00000000000E+00
   2   5   1   0.00000000000E+00
   3   5   1   0.00000000000E+00
   4   5   1   0.00000000000E+00
   5   5   1   0.00000000000E+00
   6   5   1   0.00000000000E+00
   1   6   1   0.00000000000E+00
   2   6   1   0.00000000000E+00
   3   6   1   0.00000000000E+00
   4   6   1   0.00000000000E+00
   5   6   1   0.00000000000E+00
   6   6   1   0.00000000000E+00
   2   3   2   1
   1   1   1   0.00000000000E+00
   2   1   1   0.00000000000E+00
   3   1   1   0.00000000000E+00
   4   1   1   0.00000000000E+00
   5   1   1   0.00000000000E+00
   6   1   1   0.00000000000E+00
   1   2   1   0.00000000000E+00
   2   2   1   0.00000000000E+00
   3   2   1   0.00000000000E+00
   4   2   1   0.00000000000E+00
   5   2   1   0.00000000000E+00
   6   2   1   0.00000000000E+00
   1   3   1   0.00000000000E+00
   2   3   1   0.00000000000E+00
   3   3   1   0.00000000000E+00
   4   3   1   0.00000000000E+00
   5   3   1   0.00000000000E+00
   6   3   1   0.00000000000E+00
   1   4   1   0.00000000000E+00
   2   4   1   0.00000000000E+00
   3   4   1   0.00000000000E+00
   4   4   1   0.00000000000E+00
   5   4   1   0.00000000000E+00
   6   4   1   0.00000000000E+00
   1   5   1   0.00000000000E+00
   2   5   1   0.00000000000E+00
   3   5   1   0.00000000000E+00
   4   5   1   0.00000000000E+00
   5   5   1   0.00000000000E+00
   6   5   1   0.00000000000E+00
   1   6   1   0.00000000000E+00
   2   6   1   0.00000000000E+00
   3   6   1   0.00000000000E+00
   4   6   1   0.00000000000E+00
   5   6   1   0.00000000000E+00
   6   6   1   0.00000000000E+00
   2   3   2   2
   1   1   1   0.00000000000E+00
   2   1   1   0.00000000000E+00
   3   1   1   0.00000000000E+00
   4   1   1   0.00000000000E+00
   5   1   1   0.00000000000E+00
   6   1   1   0.00000000000E+00
   1   2   1   0.00000000000E+00
   2   2   1   0.00000000000E+00
   3   2   1   0.00000000000E+00
   4   2   1   0.00000000000E+00
   5   2   1   0.00000000000E+00
   6   2   1   0.00000000000E+00
   1   3   1   0.00000000000E+00
   2   3   1   0.00000000000E+00
   3   3   1   0.00000000000E+00
   4   3   1   0.00000000000E+00
   5   3   1   0.00000000000E+00
   6   3   1   0.00000000000E+00
   1   4   1   0.00000000000E+00
   2   4   1   0.00000000000E+00
   3   4   1   0.00000000000E+00
   4   4   1   0.00000000000E+00
   5   4   1   0.00000000000E+00
   6   4   1   0.00000000000E+00
   1   5   1   0.00000000000E+00
   2   5   1   0.00000000000E+00
   3   5   1   0.00000000000E+00
   4   5   1   0.00000000000E+00
   5   5   1   0.00000000000E+00
   6   5   1   0.00000000000E+00
   1   6   1   0.00000000000E+00
   2   6   1   0.00000000000E+00
   3   6   1   0.00000000000E+00
   4   6   1   0.00000000000E+00
   5   6   1   0.00000000000E+00
   6   6   1   0.00000000000E+00
   3   1   1   1
   1   1   1   0.00000000000E+00
   2   1   1   0.00000000000E+00
   3   1   1   0.00000000000E+00
   4   1   1   0.00000000000E+00
   5   1   1   0.00000000000E+00
   6   1   1   0.00000000000E+00
   1   2   1   0.00000000000E+00
   2   2   1   0.00000000000E+00
   3   2   1   0.00000000000E+00
   4   2   1   0.00000000000E+00
   5   2   1   0.00000000000E+00
   6   2   1   0.00000000000E+00
   1   3   1   0.00000000000E+00
   2   3   1   0.00000000000E+00
   3   3   1   0.00000000000E+00
   4   3   1   0.00000000000E+00
   5   3   1   0.00000000000E+00
   6   3   1   0.00000000000E+00
   1   4   1   0.00000000000E+00
   2   4   1   0.00000000000E+00
   3   4   1   0.00000000000E+00
   4   4   1   0.00000000000E+00
   5   4   1   0.00000000000E+00
   6   4   1   0.00000000000E+00
   1   5   1   0.00000000000E+00
   2   5   1   0.00000000000E+00
   3   5   1   0.00000000000E+00
   4   5   1   0.00000000000E+00
   5   5   1   0.00000000000E+00
   6   5   1   0.00000000000E+00
   1   6   1   0.00000000000E+00
   2   6   1   0.00000000000E+00
   3   6   1   0.00000000000E+00
   4   6   1   0.00000000000E+00
   5   6   1   0.00000000000E+00
   6   6   1   0.00000000000E+00
   3   1   1   2
   1   1   1   0.00000000000E+00
   2   1   1   0.00000000000E+00
   3   1   1   0.00000000000E+00
   4   1   1   0.00000000000E+00
   5   1   1   0.00000000000E+00
   6   1   1   0.00000000000E+00
   1   2   1   0.00000000000E+00
   2   2   1   0.00000000000E+00
   3   2   1   0.00000000000E+00
   4   2   1   0.00000000000E+00
   5   2   1   0.00000000000E+00
   6   2   1   0.00000000000E+00
   1   3   1   0.00000000000E+00
   2   3   1   0.00000000000E+00
   3   3   1   0.00000000000E+00
   4   3   1   0.00000000000E+00
   5   3   1   0.00000000000E+00
   6   3   1   0.00000000000E+00
   1   4   1   0.00000000000E+00
   2   4   1   0.00000000000E+00
   3   4   1   0.00000000000E+00
   4   4   1   0.00000000000E+00
   5   4   1   0.00000000000E+00
   6   4   1   0.00000000000E+00
   1   5   1   0.00000000000E+00
   2   5   1   0.00000000000E+00
   3   5   1   0.00000000000E+00
   4   5   1   0.00000000000E+00
   5   5   1   0.00000000000E+00
   6   5   1   0.00000000000E+00
   1   6   1   0.00000000000E+00
   2   6   1   0.00000000000E+00
   3   6   1   0.00000000000E+00
   4   6   1   0.00000000000E+00
   5   6   1   0.00000000000E+00
   6   6   1   0.00000000000E+00
   3   1   2   1
   1   1   1   0.00000000000E+00
   2   1   1   0.00000000000E+00
   3   1   1   0.00000000000E+00
   4   1   1   0.00000000000E+00
   5   1   1   0.00000000000E+00
   6   1   1   0.00000000000E+00
   1   2   1   0.00000000000E+00
   2   2   1   0.00000000000E+00
   3   2   1   0.00000000000E+00
   4   2   1   0.00000000000E+00
   5   2   1   0.00000000000E+00
   6   2   1   0.00000000000E+00
   1   3   1   0.00000000000E+00
   2   3   1   0.00000000000E+00
   3   3   1   0.00000000000E+00
   4   3   1   0.00000000000E+00
   5   3   1   0.00000000000E+00
   6   3   1   0.00000000000E+00
   1   4   1   0.00000000000E+00
   2   4   1   0.00000000000E+00
   3   4   1   0.00000000000E+00
   4   4   1   0.00000000000E+00
   5   4   1   0.00000000000E+00
   6   4   1   0.00000000000E+00
   1   5   1   0.00000000000E+00
   2   5   1   0.00000000000E+00
   3   5   1   0.00000000000E+00
   4   5   1   0.00000000000E+00
   5   5   1   0.00000000000E+00
   6   5   1   0.00000000000E+00
   1   6   1   0.00000000000E+00
   2   6   1   0.00000000000E+00
   3   6   1   0.00000000000E+00
   4   6   1   0.00000000000E+00
   5   6   1   0.00000000000E+00
   6   6   1   0.00000000000E+00
   3   1   2   2
   1   1   1   0.00000000000E+00
   2   1   1   0.00000000000E+00
   3   1   1   0.00000000000E+00
   4   1   1   0.00000000000E+00
   5   1   1   0.00000000000E+00
   6   1   1   0.00000000000E+00
   1   2   1   0.00000000000E+00
   2   2   1   0.00000000000E+00
   3   2   1   0.00000000000E+00
   4   2   1   0.00000000000E+00
   5   2   1   0.00000000000E+00
   6   2   1   0.00000000000E+00
   1   3   1   0.00000000000E+00
   2   3   1   0.00000000000E+00
   3   3   1   0.00000000000E+00
   4   3   1   0.00000000000E+00
   5   3   1   0.00000000000E+00
   6   3   1   0.00000000000E+00
   1   4   1   0.00000000000E+00
   2   4   1   0.00000000000E+00
   3   4   1   0.00000000000E+00
   4   4   1   0.00000000000E+00
   5   4   1   0.00000000000E+00
   6   4   1   0.00000000000E+00
   1   5   1   0.00000000000E+00
   2   5   1   0.00000000000E+00
   3   5   1   0.00000000000E+00
   4   5   1   0.00000000000E+00
   5   5   1   0.00000000000E+00
   6   5   1   0.00000000000E+00
   1   6   1   0.00000000000E+00
   2   6   1   0.00000000000E+00
   3   6   1   0.00000000000E+00
   4   6   1   0.00000000000E+00
   5   6   1   0.00000000000E+00
   6   6   1   0.00000000000E+00
   3   2   1   1
   1   1   1   0.00000000000E+00
   2   1   1   0.00000000000E+00
   3   1   1   0.00000000000E+00
   4   1   1   0.00000000000E+00
   5   1   1   0.00000000000E+00
   6   1   1   0.00000000000E+00
   1   2   1   0.00000000000E+00
   2   2   1   0.00000000000E+00
   3   2   1   0.00000000000E+00
   4   2   1   0.00000000000E+00
   5   2   1   0.00000000000E+00
   6   2   1   0.00000000000E+00
   1   3   1   0.00000000000E+00
   2   3   1   0.00000000000E+00
   3   3   1   0.00000000000E+00
   4   3   1   0.00000000000E+00
   5   3   1   0.00000000000E+00
   6   3   1   0.00000000000E+00
   1   4   1   0.00000000000E+00
   2   4   1   0.00000000000E+00
   3   4   1   0.00000000000E+00
   4   4   1   0.00000000000E+00
   5   4   1   0.00000000000E+00
   6   4   1   0.00000000000E+00
   1   5   1   0.00000000000E+00
   2   5   1   0.00000000000E+00
   3   5   1   0.00000000000E+00
   4   5   1   0.00000000000E+00
   5   5   1   0.00000000000E+00
   6   5   1   0.00000000000E+00
   1   6   1   0.00000000000E+00
   2   6   1   0.00000000000E+00
   3   6   1   0.00000000000E+00
   4   6   1   0.00000000000E+00
   5   6   1   0.00000000000E+00
   6   6   1   0.00000000000E+00
   3   2   1   2
   1   1   1   0.00000000000E+00
   2   1   1   0.00000000000E+00
   3   1   1   0.00000000000E+00
   4   1   1   0.00000000000E+00
   5   1   1   0.00000000000E+00
   6   1   1   0.00000000000E+00
   1   2   1   0.00000000000E+00
   2   2   1   0.00000000000E+00
   3   2   1   0.00000000000E+00
   4   2   1   0.00000000000E+00
   5   2   1   0.00000000000E+00
   6   2   1   0.00000000000E+00
   1   3   1   0.00000000000E+00
   2   3   1   0.00000000000E+00
   3   3   1   0.00000000000E+00
   4   3   1   0.00000000000E+00
   5   3   1   0.00000000000E+00
   6   3   1   0.00000000000E+00
   1   4   1   0.00000000000E+00
   2   4   1   0.00000000000E+00
   3   4   1   0.00000000000E+00
   4   4   1   0.00000000000E+00
   5   4   1   0.00000000000E+00
   6   4   1   0.00000000000E+00
   1   5   1   0.00000000000E+00
   2   5   1   0.00000000000E+00
   3   5   1   0.00000000000E+00
   4   5   1   0.00000000000E+00
   5   5   1   0.00000000000E+00
   6   5   1   0.00000000000E+00
   1   6   1   0.00000000000E+00
   2   6   1   0.00000000000E+00
   3   6   1   0.00000000000E+00
   4   6   1   0.00000000000E+00
   5   6   1   0.00000000000E+00
   6   6   1   0.00000000000E+00
   3   2   2   1
   1   1   1   0.00000000000E+00
   2   1   1   0.00000000000E+00
   3   1   1   0.00000000000E+00
   4   1   1   0.00000000000E+00
   5   1   1   0.00000000000E+00
   6   1   1   0.00000000000E+00
   1   2   1   0.00000000000E+00
   2   2   1   0.00000000000E+00
   3   2   1   0.00000000000E+00
   4   2   1   0.00000000000E+00
   5   2   1   0.00000000000E+00
   6   2   1   0.00000000000E+00
   1   3   1   0.00000000000E+00
   2   3   1   0.00000000000E+00
   3   3   1   0.00000000000E+00
   4   3   1   0.00000000000E+00
   5   3   1   0.00000000000E+00
   6   3   1   0.00000000000E+00
   1   4   1   0.00000000000E+00
   2   4   1   0.00000000000E+00
   3   4   1   0.00000000000E+00
   4   4   1   0.00000000000E+00
   5   4   1   0.00000000000E+00
   6   4   1   0.00000000000E+00
   1   5   1   0.00000000000E+00
   2   5   1   0.00000000000E+00
   3   5   1   0.00000000000E+00
   4   5   1   0.00000000000E+00
   5   5   1   0.00000000000E+00
   6   5   1   0.00000000000E+00
   1   6   1   0.00000000000E+00
   2   6   1   0.00000000000E+00
   3   6   1   0.00000000000E+00
   4   6   1   0.00000000000E+00
   5   6   1   0.00000000000E+00
   6   6   1   0.00000000000E+00
   3   2   2   2
   1   1   1   0.00000000000E+00
   2   1   1   0.00000000000E+00
   3   1   1   0.00000000000E+00
   4   1   1   0.00000000000E+00
   5   1   1   0.00000000000E+00
   6   1   1   0.00000000000E+00
   1   2   1   0.00000000000E+00
   2   2   1   0.00000000000E+00
   3   2   1   0.00000000000E+00
   4   2   1   0.00000000000E+00
   5   2   1   0.00000000000E+00
   6   2   1   0.00000000000E+00
   1   3   1   0.00000000000E+00
   2   3   1   0.00000000000E+00
   3   3   1   0.00000000000E+00
   4   3   1   0.00000000000E+00
   5   3   1   0.00000000000E+00
   6   3   1   0.00000000000E+00
   1   4   1   0.00000000000E+00
   2   4   1   0.00000000000E+00
   3   4   1   0.00000000000E+00
   4   4   1   0.00000000000E+00
   5   4   1   0.00000000000E+00
   6   4   1   0.00000000000E+00
   1   5   1   0.00000000000E+00
   2   5   1   0.00000000000E+00
   3   5   1   0.00000000000E+00
   4   5   1   0.00000000000E+00
   5   5   1   0.00000000000E+00
   6   5   1   0.00000000000E+00
   1   6   1   0.00000000000E+00
   2   6   1   0.00000000000E+00
   3   6   1   0.00000000000E+00
   4   6   1   0.00000000000E+00
   5   6   1   0.00000000000E+00
   6   6   1   0.00000000000E+00
   3   3   1   1
   1   1   1   9.16666666667E-09
   2   1   1  -3.33333333333E-09
   3   1   1  -3.33333333333E-09
   4   1   1   9.16666666667E-09
   5   1   1  -3.33333333333E-09
   6   1   1  -3.33333333333E-09
   1   2   1  -3.33333333333E-09
   2   2   1  -3.33333333333E-09
   3   2   1   9.16666666667E-09
   4   2   1  -3.33333333333E-09
   5   2   1  -3.33333333333E-09
   6   2   1   9.16666666667E-09
   1   3   1  -3.33333333333E-09
   2   3   1   9.16666666667E-09
   3   3   1  -3.33333333333E-09
   4   3   1  -3.33333333333E-09
   5   3   1   9.16666666667E-09
   6   3   1  -3.33333333333E-09
   1   4   1   9.16666666667E-09
   2   4   1  -3.33333333333E-09
   3   4   1  -3.33333333333E-09
   4   4   1   9.16666666667E-09
   5   4   1  -3.33333333333E-09
   6   4   1  -3.33333333333E-09
   1   5   1  -3.33333333333E-09
   2   5   1  -3.33333333333E-09
   3   5   1   9.16666666667E-09
   4   5   1  -3.33333333333E-09
   5   5   1  -3.33333333333E-09
   6   5   1   9.16666666667E-09
   1   6   1  -3.33333333333E-09
   2   6   1   9.16666666667E-09
   3   6   1  -3.33333333333E-09
   4   6   1  -3.33333333333E-09
   5   6   1   9.16666666667E-09
   6   6   1  -3.33333333333E-09
   3   3   1   2
   1   1   1   5.55555555556E-10
   2   1   1   5.55555555556E-10
   3   1   1   5.55555555556E-10
   4   1   1   5.55555555556E-10
   5   1   1   5.55555555556E-10
   6   1   1   5.55555555556E-10
   1   2   1   5.55555555556E-10
   2   2   1   5.55555555556E-10
   3   2   1   5.55555555556E-10
   4   2   1   5.55555555556E-10
   5   2   1   5.55555555556E-10
   6   2   1   5.55555555556E-10
   1   3   1   5.55555555556E-10
   2   3   1   5.55555555556E-10
   3   3   1   5.55555555556E-10
   4   3   1   5.55555555556E-10
   5   3   1   5.55555555556E-10
   6   3   1   5.55555555556E-10
   1   4   1   5.55555555556E-10
   2   4   1   5.55555555556E-10
   3   4   1   5.55555555556E-10
   4   4   1   5.55555555556E-10
   5   4   1   5.55555555556E-10
   6   4   1   5.55555555556E-10
   1   5   1   5.55555555556E-10
   2   5   1   5.55555555556E-10
   3   5   1   5.55555555556E-10
   4   5   1   5.55555555556E-10
   5   5   1   5.55555555556E-10
   6   5   1   5.55555555556E-10
   1   6   1   5.55555555556E-10
   2   6   1   5.55555555556E-10
   3   6   1   5.55555555556E-10
   4   6   1   5.55555555556E-10
   5   6   1   5.55555555556E-10
   6   6   1   5.55555555556E-10
   3   3   2   1
   1   1   1   5.55555555556E-10
   2   1   1   5.55555555556E-10
   3   1   1   5.55555555556E-10
   4   1   1   5.55555555556E-10
   5   1   1   5.55555555556E-10
   6   1   1   5.55555555556E-10
   1   2   1   5.55555555556E-10
   2   2   1   5.55555555556E-10
   3   2   1   5.55555555556E-10
   4   2   1   5.55555555556E-10
   5   2   1   5.55555555556E-10
   6   2   1   5.55555555556E-10
   1   3   1   5.55555555556E-10
   2   3   1   5.55555555556E-10
   3   3   1   5.55555555556E-10
   4   3   1   5.55555555556E-10
   5   3   1   5.55555555556E-10
   6   3   1   5.55555555556E-10
   1   4   1   5.55555555556E-10
   2   4   1   5.55555555556E-10
   3   4   1   5.55555555556E-10
   4   4   1   5.55555555556E-10
   5   4   1   5.55555555556E-10
   6   4   1   5.55555555556E-10
   1   5   1   5.55555555556E-10
   2   5   1   5.55555555556E-10
   3   5   1   5.55555555556E-10
   4   5   1   5.55555555556E-10
   5   5   1   5.55555555556E-10
   6   5   1   5.55555555556E-10
   1   6   1   5.55555555556E-10
   2   6   1   5.55555555556E-10
   3   6   1   5.55555555556E-10
   4   6   1   5.55555555556E-10
   5   6   1   5.55555555556E-10
   6   6   1   5.55555555556E-10
   3   3   2   2
   1   1   1   9.16666666667E-09
   2   1   1  -3.33333333333E-09
   3   1   1  -3.33333333333E-09
   4   1   1   9.16666666667E-09
   5   1   1  -3.33333333333E-09
   6   1   1  -3.33333333333E-09
   1   2   1  -3.33333333333E-09
   2   2   1  -3.33333333333E-09
   3   2   1   9.16666666667E-09
   4   2   1  -3.33333333333E-09
   5   2   1  -3.33333333333E-09
   6   2   1   9.16666666667E-09
   1   3   1  -3.33333333333E-09
   2   3   1   9.16666666667E-09
   3   3   1  -3.33333333333E-09
   4   3   1  -3.33333333333E-09
   5   3   1   9.16666666667E-09
   6   3   1  -3.33333333333E-09
   1   4   1   9.16666666667E-09
   2   4   1  -3.33333333333E-09
   3   4   1  -3.33333333333E-09
   4   4   1   9.16666666667E-09
   5   4   1  -3.33333333333E-09
   6   4   1  -3.33333333333E-09
   1   5   1  -3.33333333333E-09
   2   5   1  -3.33333333333E-09
   3   5   1   9.16666666667E-09
   4   5   1  -3.33333333333E-09
   5   5   1  -3.33333333333E-09
   6   5   1   9.16666666667E-09
   1   6   1  -3.33333333333E-09
   2   6   1   9.16666666667E-09
   3   6   1  -3.33333333333E-09
   4   6   1  -3.33333333333E-09
   5   6   1   9.16666666667E-09
   6   6   1  -3.33333333333E-09
