# energy grid [eV]     ieps_x  ieps_y  ieps_z
#
    0.000000000    4.040219620    4.040219614    2.469349591
    0.020040080    4.039509606    4.039509600    2.469200628
    0.040080160    4.038300986    4.038300980    2.468948155
    0.060120240    4.036861363    4.036861357    2.468648554
    0.080160321    4.035194855    4.035194849    2.468302583
    0.100200401    4.033302518    4.033302512    2.467910334
    0.120240481    4.031185531    4.031185525    2.467471911
    0.140280561    4.028845212    4.028845206    2.466987426
    0.160320641    4.026283010    4.026283004    2.466457007
    0.180360721    4.023500506    4.023500500    2.465880793
    0.200400802    4.020499407    4.020499401    2.465258934
    0.220440882    4.017281546    4.017281540    2.464591591
    0.240480962    4.013848875    4.013848869    2.463878939
    0.260521042    4.010203465    4.010203459    2.463121161
    0.280561122    4.006347501    4.006347495    2.462318455
    0.300601202    4.002283277    4.002283271    2.461471027
    0.320641283    3.998013192    3.998013186    2.460579095
    0.340681363    3.993539748    3.993539743    2.459642889
    0.360721443    3.988865545    3.988865540    2.458662647
    0.380761523    3.983993275    3.983993269    2.457638621
    0.400801603    3.978925717    3.978925712    2.456571068
    0.420841683    3.973665738    3.973665733    2.455460260
    0.440881764    3.968216281    3.968216276    2.454306476
    0.460921844    3.962580366    3.962580360    2.453110004
    0.480961924    3.956761082    3.956761076    2.451871145
    0.501002004    3.950761583    3.950761578    2.450590205
    0.521042084    3.944585087    3.944585082    2.449267500
    0.541082164    3.938234866    3.938234860    2.447903356
    0.561122244    3.931714243    3.931714237    2.446498106
    0.581162325    3.925026589    3.925026583    2.445052092
    0.601202405    3.918175318    3.918175312    2.443565663
    0.621242485    3.911163882    3.911163876    2.442039176
    0.641282565    3.903995765    3.903995759    2.440472995
    0.661322645    3.896674482    3.896674477    2.438867493
    0.681362725    3.889203573    3.889203568    2.437223048
    0.701402806    3.881586598    3.881586593    2.435540044
    0.721442886    3.873827133    3.873827128    2.433818873
    0.741482966    3.865928768    3.865928763    2.432059933
    0.761523046    3.857895102    3.857895097    2.430263627
    0.781563126    3.849729739    3.849729733    2.428430364
    0.801603206    3.841436282    3.841436277    2.426560558
    0.821643287    3.833018335    3.833018330    2.424654628
    0.841683367    3.824479495    3.824479490    2.422712999
    0.861723447    3.815823351    3.815823346    2.420736098
    0.881763527    3.807053480    3.807053475    2.418724358
    0.901803607    3.798173443    3.798173438    2.416678217
    0.921843687    3.789186784    3.789186779    2.414598115
    0.941883768    3.780097026    3.780097021    2.412484495
    0.961923848    3.770907669    3.770907664    2.410337806
    0.981963928    3.761622189    3.761622184    2.408158496
    1.002004008    3.752244030    3.752244025    2.405947020
    1.022044088    3.742776610    3.742776605    2.403703833
    1.042084168    3.733223311    3.733223307    2.401429392
    1.062124248    3.723587484    3.723587479    2.399124157
    1.082164329    3.713872441    3.713872436    2.396788589
    1.102204409    3.704081456    3.704081452    2.394423152
    1.122244489    3.694217767    3.694217763    2.392028310
    1.142284569    3.684284567    3.684284562    2.389604529
    1.162324649    3.674285008    3.674285003    2.387152274
    1.182364729    3.664222198    3.664222194    2.384672013
    1.202404810    3.654099202    3.654099197    2.382164214
    1.222444890    3.643919035    3.643919031    2.379629344
    1.242484970    3.633684670    3.633684666    2.377067871
    1.262525050    3.623399028    3.623399024    2.374480263
    1.282565130    3.613064985    3.613064981    2.371866987
    1.302605210    3.602685365    3.602685361    2.369228509
    1.322645291    3.592262944    3.592262940    2.366565297
    1.342685371    3.581800447    3.581800443    2.363877815
    1.362725451    3.571300548    3.571300544    2.361166527
    1.382765531    3.560765872    3.560765868    2.358431897
    1.402805611    3.550198989    3.550198985    2.355674385
    1.422845691    3.539602423    3.539602419    2.352894453
    1.442885772    3.528978640    3.528978636    2.350092559
    1.462925852    3.518330060    3.518330056    2.347269158
    1.482965932    3.507659048    3.507659044    2.344424707
    1.503006012    3.496967919    3.496967915    2.341559656
    1.523046092    3.486258935    3.486258931    2.338674457
    1.543086172    3.475534308    3.475534305    2.335769557
    1.563126253    3.464796200    3.464796196    2.332845401
    1.583166333    3.454046719    3.454046716    2.329902432
    1.603206413    3.443287926    3.443287922    2.326941091
    1.623246493    3.432521829    3.432521825    2.323961814
    1.643286573    3.421750387    3.421750384    2.320965036
    1.663326653    3.410975512    3.410975508    2.317951188
    1.683366733    3.400199063    3.400199060    2.314920697
    1.703406814    3.389422855    3.389422851    2.311873990
    1.723446894    3.378648651    3.378648648    2.308811486
    1.743486974    3.367878169    3.367878166    2.305733605
    1.763527054    3.357113080    3.357113077    2.302640761
    1.783567134    3.346355008    3.346355005    2.299533364
    1.803607214    3.335605533    3.335605529    2.296411824
    1.823647295    3.324866187    3.324866184    2.293276543
    1.843687375    3.314138461    3.314138457    2.290127922
    1.863727455    3.303423799    3.303423796    2.286966356
    1.883767535    3.292723606    3.292723603    2.283792239
    1.903807615    3.282039241    3.282039238    2.280605959
    1.923847695    3.271372022    3.271372019    2.277407901
    1.943887776    3.260723228    3.260723225    2.274198444
    1.963927856    3.250094095    3.250094092    2.270977967
    1.983967936    3.239485822    3.239485819    2.267746842
    2.004008016    3.228899567    3.228899564    2.264505436
    2.024048096    3.218336451    3.218336448    2.261254115
    2.044088176    3.207797556    3.207797554    2.257993239
    2.064128257    3.197283930    3.197283928    2.254723163
    2.084168337    3.186796583    3.186796581    2.251444240
    2.104208417    3.176336490    3.176336488    2.248156818
    2.124248497    3.165904592    3.165904589    2.244861239
    2.144288577    3.155501794    3.155501791    2.241557844
    2.164328657    3.145128971    3.145128969    2.238246966
    2.184368737    3.134786964    3.134786961    2.234928938
    2.204408818    3.124476581    3.124476579    2.231604085
    2.224448898    3.114198602    3.114198599    2.228272730
    2.244488978    3.103953773    3.103953771    2.224935191
    2.264529058    3.093742813    3.093742811    2.221591781
    2.284569138    3.083566412    3.083566410    2.218242810
    2.304609218    3.073425229    3.073425227    2.214888584
    2.324649299    3.063319899    3.063319897    2.211529403
    2.344689379    3.053251027    3.053251025    2.208165564
    2.364729459    3.043219193    3.043219191    2.204797360
    2.384769539    3.033224951    3.033224949    2.201425080
    2.404809619    3.023268830    3.023268828    2.198049007
    2.424849699    3.013351335    3.013351333    2.194669422
    2.444889780    3.003472947    3.003472945    2.191286600
    2.464929860    2.993634122    2.993634120    2.187900814
    2.484969940    2.983835297    2.983835295    2.184512330
    2.505010020    2.974076883    2.974076881    2.181121413
    2.525050100    2.964359273    2.964359271    2.177728323
    2.545090180    2.954682836    2.954682834    2.174333314
    2.565130261    2.945047923    2.945047921    2.170936638
    2.585170341    2.935454865    2.935454862    2.167538543
    2.605210421    2.925903971    2.925903969    2.164139272
    2.625250501    2.916395536    2.916395534    2.160739064
    2.645290581    2.906929834    2.906929832    2.157338156
    2.665330661    2.897507120    2.897507118    2.153936779
    2.685370741    2.888127634    2.888127632    2.150535161
    2.705410822    2.878791600    2.878791598    2.147133526
    2.725450902    2.869499223    2.869499222    2.143732094
    2.745490982    2.860250695    2.860250694    2.140331083
    2.765531062    2.851046191    2.851046190    2.136930705
    2.785571142    2.841885872    2.841885871    2.133531168
    2.805611222    2.832769885    2.832769883    2.130132680
    2.825651303    2.823698361    2.823698359    2.126735440
    2.845691383    2.814671420    2.814671418    2.123339649
    2.865731463    2.805689167    2.805689166    2.119945500
    2.885771543    2.796751696    2.796751695    2.116553185
    2.905811623    2.787859088    2.787859086    2.113162891
    2.925851703    2.779011411    2.779011410    2.109774804
    2.945891784    2.770208724    2.770208722    2.106389103
    2.965931864    2.761451071    2.761451069    2.103005966
    2.985971944    2.752738489    2.752738487    2.099625568
    3.006012024    2.744071003    2.744071001    2.096248079
    3.026052104    2.735448627    2.735448625    2.092873667
    3.046092184    2.726871366    2.726871365    2.089502496
    3.066132265    2.718339217    2.718339215    2.086134729
    3.086172345    2.709852166    2.709852164    2.082770521
    3.106212425    2.701410189    2.701410188    2.079410030
    3.126252505    2.693013258    2.693013257    2.076053406
    3.146292585    2.684661332    2.684661331    2.072700798
    3.166332665    2.676354365    2.676354364    2.069352352
    3.186372745    2.668092302    2.668092300    2.066008212
    3.206412826    2.659875080    2.659875079    2.062668516
    3.226452906    2.651702632    2.651702630    2.059333403
    3.246492986    2.643574880    2.643574879    2.056003005
    3.266533066    2.635491742    2.635491741    2.052677456
    3.286573146    2.627453130    2.627453129    2.049356882
    3.306613226    2.619458948    2.619458947    2.046041410
    3.326653307    2.611509096    2.611509095    2.042731164
    3.346693387    2.603603466    2.603603465    2.039426263
    3.366733467    2.595741947    2.595741945    2.036126825
    3.386773547    2.587924421    2.587924420    2.032832967
    3.406813627    2.580150766    2.580150765    2.029544799
    3.426853707    2.572420855    2.572420854    2.026262433
    3.446893788    2.564734556    2.564734555    2.022985976
    3.466933868    2.557091733    2.557091732    2.019715533
    3.486973948    2.549492246    2.549492245    2.016451207
    3.507014028    2.541935950    2.541935949    2.013193098
    3.527054108    2.534422697    2.534422696    2.009941305
    3.547094188    2.526952334    2.526952333    2.006695922
    3.567134269    2.519524707    2.519524705    2.003457044
    3.587174349    2.512139655    2.512139654    2.000224761
    3.607214429    2.504797017    2.504797016    1.996999162
    3.627254509    2.497496627    2.497496626    1.993780334
    3.647294589    2.490238317    2.490238316    1.990568362
    3.667334669    2.483021916    2.483021915    1.987363328
    3.687374749    2.475847250    2.475847249    1.984165312
    3.707414830    2.468714143    2.468714142    1.980974392
    3.727454910    2.461622416    2.461622415    1.977790646
    3.747494990    2.454571888    2.454571887    1.974614146
    3.767535070    2.447562377    2.447562376    1.971444965
    3.787575150    2.440593695    2.440593695    1.968283174
    3.807615230    2.433665658    2.433665657    1.965128841
    3.827655311    2.426778076    2.426778075    1.961982032
    3.847695391    2.419930758    2.419930757    1.958842812
    3.867735471    2.413123511    2.413123511    1.955711244
    3.887775551    2.406356144    2.406356143    1.952587390
    3.907815631    2.399628460    2.399628459    1.949471307
    3.927855711    2.392940262    2.392940261    1.946363055
    3.947895792    2.386291354    2.386291354    1.943262688
    3.967935872    2.379681537    2.379681536    1.940170261
    3.987975952    2.373110611    2.373110610    1.937085826
    4.008016032    2.366578375    2.366578374    1.934009434
    4.028056112    2.360084627    2.360084627    1.930941136
    4.048096192    2.353629166    2.353629166    1.927880977
    4.068136273    2.347211789    2.347211788    1.924829005
    4.088176353    2.340832290    2.340832289    1.921785264
    4.108216433    2.334490467    2.334490466    1.918749797
    4.128256513    2.328186114    2.328186113    1.915722647
    4.148296593    2.321919026    2.321919025    1.912703852
    4.168336673    2.315688997    2.315688997    1.909693453
    4.188376754    2.309495822    2.309495822    1.906691486
    4.208416834    2.303339294    2.303339293    1.903697987
    4.228456914    2.297219207    2.297219206    1.900712992
    4.248496994    2.291135353    2.291135353    1.897736533
    4.268537074    2.285087527    2.285087527    1.894768643
    4.288577154    2.279075522    2.279075521    1.891809352
    4.308617234    2.273099131    2.273099130    1.888858690
    4.328657315    2.267158146    2.267158145    1.885916686
    4.348697395    2.261252362    2.261252362    1.882983366
    4.368737475    2.255381572    2.255381572    1.880058756
    4.388777555    2.249545570    2.249545570    1.877142881
    4.408817635    2.243744150    2.243744149    1.874235764
    4.428857715    2.237977105    2.237977105    1.871337428
    4.448897796    2.232244231    2.232244230    1.868447895
    4.468937876    2.226545322    2.226545321    1.865567184
    4.488977956    2.220880173    2.220880172    1.862695315
    4.509018036    2.215248580    2.215248579    1.859832305
    4.529058116    2.209650339    2.209650338    1.856978173
    4.549098196    2.204085246    2.204085246    1.854132933
    4.569138277    2.198553099    2.198553098    1.851296601
    4.589178357    2.193053694    2.193053694    1.848469191
    4.609218437    2.187586831    2.187586830    1.845650717
    4.629258517    2.182152307    2.182152306    1.842841189
    4.649298597    2.176749922    2.176749921    1.840040621
    4.669338677    2.171379475    2.171379475    1.837249021
    4.689378758    2.166040768    2.166040767    1.834466400
    4.709418838    2.160733600    2.160733600    1.831692767
    4.729458918    2.155457775    2.155457775    1.828928128
    4.749498998    2.150213095    2.150213095    1.826172490
    4.769539078    2.144999363    2.144999362    1.823425861
    4.789579158    2.139816383    2.139816382    1.820688245
    4.809619238    2.134663960    2.134663959    1.817959647
    4.829659319    2.129541899    2.129541898    1.815240070
    4.849699399    2.124450007    2.124450007    1.812529518
    4.869739479    2.119388091    2.119388091    1.809827992
    4.889779559    2.114355960    2.114355959    1.807135495
    4.909819639    2.109353421    2.109353421    1.804452026
    4.929859719    2.104380286    2.104380285    1.801777586
    4.949899800    2.099436364    2.099436363    1.799112175
    4.969939880    2.094521466    2.094521466    1.796455791
    4.989979960    2.089635406    2.089635406    1.793808432
    5.010020040    2.084777997    2.084777997    1.791170096
    5.030060120    2.079949052    2.079949052    1.788540779
    5.050100200    2.075148387    2.075148387    1.785920477
    5.070140281    2.070375818    2.070375818    1.783309187
    5.090180361    2.065631162    2.065631162    1.780706903
    5.110220441    2.060914237    2.060914236    1.778113619
    5.130260521    2.056224861    2.056224861    1.775529329
    5.150300601    2.051562854    2.051562854    1.772954027
    5.170340681    2.046928038    2.046928038    1.770387706
    5.190380762    2.042320234    2.042320233    1.767830356
    5.210420842    2.037739264    2.037739263    1.765281971
    5.230460922    2.033184952    2.033184952    1.762742541
    5.250501002    2.028657124    2.028657123    1.760212057
    5.270541082    2.024155604    2.024155603    1.757690508
    5.290581162    2.019680219    2.019680219    1.755177886
    5.310621242    2.015230797    2.015230797    1.752674178
    5.330661323    2.010807167    2.010807166    1.750179374
    5.350701403    2.006409157    2.006409157    1.747693462
    5.370741483    2.002036600    2.002036600    1.745216429
    5.390781563    1.997689326    1.997689326    1.742748264
    5.410821643    1.993367168    1.993367167    1.740288953
    5.430861723    1.989069959    1.989069959    1.737838483
    5.450901804    1.984797535    1.984797534    1.735396840
    5.470941884    1.980549730    1.980549730    1.732964010
    5.490981964    1.976326382    1.976326382    1.730539978
    5.511022044    1.972127328    1.972127328    1.728124730
    5.531062124    1.967952407    1.967952407    1.725718249
    5.551102204    1.963801459    1.963801458    1.723320522
    5.571142285    1.959674323    1.959674323    1.720931530
    5.591182365    1.955570842    1.955570842    1.718551259
    5.611222445    1.951490859    1.951490859    1.716179692
    5.631262525    1.947434217    1.947434216    1.713816811
    5.651302605    1.943400760    1.943400760    1.711462599
    5.671342685    1.939390335    1.939390334    1.709117039
    5.691382766    1.935402787    1.935402787    1.706780113
    5.711422846    1.931437966    1.931437966    1.704451802
    5.731462926    1.927495719    1.927495718    1.702132088
    5.751503006    1.923575895    1.923575895    1.699820953
    5.771543086    1.919678347    1.919678346    1.697518377
    5.791583166    1.915802924    1.915802924    1.695224342
    5.811623246    1.911949480    1.911949480    1.692938827
    5.831663327    1.908117868    1.908117868    1.690661813
    5.851703407    1.904307943    1.904307943    1.688393280
    5.871743487    1.900519560    1.900519560    1.686133207
    5.891783567    1.896752576    1.896752576    1.683881575
    5.911823647    1.893006849    1.893006849    1.681638362
    5.931863727    1.889282235    1.889282235    1.679403548
    5.951903808    1.885578596    1.885578596    1.677177112
    5.971943888    1.881895791    1.881895791    1.674959031
    5.991983968    1.878233681    1.878233681    1.672749286
    6.012024048    1.874592129    1.874592129    1.670547853
    6.032064128    1.870970998    1.870970998    1.668354711
    6.052104208    1.867370152    1.867370152    1.666169839
    6.072144289    1.863789455    1.863789455    1.663993214
    6.092184369    1.860228775    1.860228774    1.661824813
    6.112224449    1.856687977    1.856687977    1.659664613
    6.132264529    1.853166929    1.853166929    1.657512594
    6.152304609    1.849665501    1.849665501    1.655368730
    6.172344689    1.846183562    1.846183562    1.653233000
    6.192384770    1.842720982    1.842720982    1.651105380
    6.212424850    1.839277633    1.839277633    1.648985846
    6.232464930    1.835853387    1.835853387    1.646874377
    6.252505010    1.832448117    1.832448117    1.644770947
    6.272545090    1.829061698    1.829061698    1.642675533
    6.292585170    1.825694004    1.825694004    1.640588112
    6.312625251    1.822344911    1.822344911    1.638508659
    6.332665331    1.819014297    1.819014297    1.636437151
    6.352705411    1.815702039    1.815702038    1.634373563
    6.372745491    1.812408014    1.812408014    1.632317871
    6.392785571    1.809132103    1.809132103    1.630270051
    6.412825651    1.805874186    1.805874186    1.628230078
    6.432865731    1.802634144    1.802634144    1.626197929
    6.452905812    1.799411858    1.799411858    1.624173577
    6.472945892    1.796207212    1.796207212    1.622156999
    6.492985972    1.793020089    1.793020089    1.620148170
    6.513026052    1.789850373    1.789850373    1.618147065
    6.533066132    1.786697950    1.786697950    1.616153659
    6.553106212    1.783562706    1.783562706    1.614167926
    6.573146293    1.780444527    1.780444527    1.612189844
    6.593186373    1.777343302    1.777343302    1.610219385
    6.613226453    1.774258918    1.774258918    1.608256524
    6.633266533    1.771191266    1.771191266    1.606301238
    6.653306613    1.768140234    1.768140234    1.604353500
    6.673346693    1.765105715    1.765105715    1.602413284
    6.693386774    1.762087599    1.762087599    1.600480567
    6.713426854    1.759085779    1.759085779    1.598555322
    6.733466934    1.756100148    1.756100148    1.596637524
    6.753507014    1.753130601    1.753130601    1.594727147
    6.773547094    1.750177032    1.750177032    1.592824166
    6.793587174    1.747239336    1.747239336    1.590928555
    6.813627255    1.744317410    1.744317409    1.589040289
    6.833667335    1.741411150    1.741411150    1.587159343
    6.853707415    1.738520455    1.738520455    1.585285690
    6.873747495    1.735645223    1.735645223    1.583419305
    6.893787575    1.732785354    1.732785353    1.581560162
    6.913827655    1.729940746    1.729940746    1.579708236
    6.933867735    1.727111301    1.727111301    1.577863501
    6.953907816    1.724296921    1.724296921    1.576025931
    6.973947896    1.721497506    1.721497506    1.574195502
    6.993987976    1.718712961    1.718712961    1.572372186
    7.014028056    1.715943189    1.715943189    1.570555958
    7.034068136    1.713188093    1.713188093    1.568746793
    7.054108216    1.710447579    1.710447579    1.566944664
    7.074148297    1.707721553    1.707721553    1.565149547
    7.094188377    1.705009920    1.705009920    1.563361416
    7.114228457    1.702312588    1.702312588    1.561580244
    7.134268537    1.699629464    1.699629464    1.559806006
    7.154308617    1.696960457    1.696960457    1.558038677
    7.174348697    1.694305475    1.694305475    1.556278230
    7.194388778    1.691664429    1.691664429    1.554524641
    7.214428858    1.689037228    1.689037228    1.552777883
    7.234468938    1.686423783    1.686423783    1.551037932
    7.254509018    1.683824007    1.683824007    1.549304760
    7.274549098    1.681237811    1.681237811    1.547578344
    7.294589178    1.678665108    1.678665108    1.545858657
    7.314629259    1.676105811    1.676105811    1.544145673
    7.334669339    1.673559836    1.673559836    1.542439368
    7.354709419    1.671027095    1.671027095    1.540739716
    7.374749499    1.668507506    1.668507506    1.539046691
    7.394789579    1.666000984    1.666000984    1.537360269
    7.414829659    1.663507445    1.663507445    1.535680423
    7.434869739    1.661026807    1.661026807    1.534007128
    7.454909820    1.658558987    1.658558987    1.532340359
    7.474949900    1.656103904    1.656103904    1.530680092
    7.494989980    1.653661477    1.653661477    1.529026299
    7.515030060    1.651231625    1.651231625    1.527378957
    7.535070140    1.648814269    1.648814269    1.525738041
    7.555110220    1.646409330    1.646409330    1.524103524
    7.575150301    1.644016727    1.644016727    1.522475383
    7.595190381    1.641636385    1.641636385    1.520853592
    7.615230461    1.639268224    1.639268224    1.519238126
    7.635270541    1.636912168    1.636912168    1.517628960
    7.655310621    1.634568141    1.634568141    1.516026069
    7.675350701    1.632236066    1.632236066    1.514429429
    7.695390782    1.629915868    1.629915868    1.512839015
    7.715430862    1.627607473    1.627607473    1.511254801
    7.735470942    1.625310807    1.625310807    1.509676764
    7.755511022    1.623025794    1.623025794    1.508104879
    7.775551102    1.620752363    1.620752363    1.506539121
    7.795591182    1.618490441    1.618490441    1.504979465
    7.815631263    1.616239955    1.616239955    1.503425888
    7.835671343    1.614000834    1.614000834    1.501878364
    7.855711423    1.611773006    1.611773006    1.500336870
    7.875751503    1.609556402    1.609556402    1.498801381
    7.895791583    1.607350951    1.607350951    1.497271872
    7.915831663    1.605156584    1.605156584    1.495748321
    7.935871743    1.602973231    1.602973231    1.494230702
    7.955911824    1.600800824    1.600800824    1.492718991
    7.975951904    1.598639294    1.598639294    1.491213165
    7.995991984    1.596488575    1.596488575    1.489713199
    8.016032064    1.594348599    1.594348599    1.488219071
    8.036072144    1.592219300    1.592219300    1.486730755
    8.056112224    1.590100610    1.590100611    1.485248228
    8.076152305    1.587992466    1.587992466    1.483771467
    8.096192385    1.585894801    1.585894801    1.482300447
    8.116232465    1.583807550    1.583807550    1.480835146
    8.136272545    1.581730650    1.581730650    1.479375539
    8.156312625    1.579664036    1.579664036    1.477921604
    8.176352705    1.577607646    1.577607646    1.476473317
    8.196392786    1.575561416    1.575561416    1.475030655
    8.216432866    1.573525283    1.573525283    1.473593594
    8.236472946    1.571499187    1.571499187    1.472162112
    8.256513026    1.569483065    1.569483065    1.470736185
    8.276553106    1.567476856    1.567476856    1.469315790
    8.296593186    1.565480499    1.565480499    1.467900904
    8.316633267    1.563493934    1.563493934    1.466491505
    8.336673347    1.561517102    1.561517102    1.465087569
    8.356713427    1.559549943    1.559549943    1.463689075
    8.376753507    1.557592397    1.557592397    1.462295998
    8.396793587    1.555644407    1.555644407    1.460908318
    8.416833667    1.553705914    1.553705914    1.459526010
    8.436873747    1.551776860    1.551776860    1.458149053
    8.456913828    1.549857189    1.549857189    1.456777424
    8.476953908    1.547946842    1.547946842    1.455411101
    8.496993988    1.546045765    1.546045765    1.454050062
    8.517034068    1.544153899    1.544153899    1.452694285
    8.537074148    1.542271191    1.542271191    1.451343747
    8.557114228    1.540397583    1.540397584    1.449998426
    8.577154309    1.538533023    1.538533023    1.448658302
    8.597194389    1.536677454    1.536677454    1.447323350
    8.617234469    1.534830823    1.534830823    1.445993551
    8.637274549    1.532993076    1.532993076    1.444668882
    8.657314629    1.531164159    1.531164159    1.443349321
    8.677354709    1.529344020    1.529344020    1.442034847
    8.697394790    1.527532606    1.527532606    1.440725439
    8.717434870    1.525729864    1.525729864    1.439421075
    8.737474950    1.523935743    1.523935743    1.438121734
    8.757515030    1.522150190    1.522150190    1.436827394
    8.777555110    1.520373156    1.520373156    1.435538034
    8.797595190    1.518604588    1.518604588    1.434253633
    8.817635271    1.516844437    1.516844437    1.432974171
    8.837675351    1.515092652    1.515092653    1.431699626
    8.857715431    1.513349184    1.513349184    1.430429977
    8.877755511    1.511613983    1.511613983    1.429165203
    8.897795591    1.509887000    1.509887000    1.427905284
    8.917835671    1.508168186    1.508168186    1.426650199
    8.937875752    1.506457493    1.506457493    1.425399928
    8.957915832    1.504754872    1.504754873    1.424154449
    8.977955912    1.503060277    1.503060277    1.422913743
    8.997995992    1.501373659    1.501373659    1.421677789
    9.018036072    1.499694972    1.499694972    1.420446567
    9.038076152    1.498024168    1.498024168    1.419220057
    9.058116232    1.496361202    1.496361202    1.417998239
    9.078156313    1.494706027    1.494706027    1.416781091
    9.098196393    1.493058597    1.493058597    1.415568596
    9.118236473    1.491418867    1.491418867    1.414360732
    9.138276553    1.489786792    1.489786792    1.413157480
    9.158316633    1.488162327    1.488162327    1.411958820
    9.178356713    1.486545427    1.486545427    1.410764732
    9.198396794    1.484936048    1.484936048    1.409575197
    9.218436874    1.483334147    1.483334147    1.408390196
    9.238476954    1.481739679    1.481739679    1.407209708
    9.258517034    1.480152601    1.480152601    1.406033715
    9.278557114    1.478572870    1.478572871    1.404862198
    9.298597194    1.477000444    1.477000444    1.403695136
    9.318637275    1.475435280    1.475435280    1.402532511
    9.338677355    1.473877336    1.473877336    1.401374304
    9.358717435    1.472326570    1.472326570    1.400220496
    9.378757515    1.470782940    1.470782940    1.399071067
    9.398797595    1.469246405    1.469246405    1.397926000
    9.418837675    1.467716925    1.467716925    1.396785275
    9.438877756    1.466194458    1.466194458    1.395648874
    9.458917836    1.464678964    1.464678964    1.394516778
    9.478957916    1.463170402    1.463170402    1.393388969
    9.498997996    1.461668733    1.461668734    1.392265427
    9.519038076    1.460173918    1.460173918    1.391146136
    9.539078156    1.458685917    1.458685917    1.390031075
    9.559118236    1.457204690    1.457204690    1.388920228
    9.579158317    1.455730199    1.455730199    1.387813577
    9.599198397    1.454262405    1.454262405    1.386711102
    9.619238477    1.452801271    1.452801271    1.385612786
    9.639278557    1.451346757    1.451346758    1.384518611
    9.659318637    1.449898827    1.449898827    1.383428559
    9.679358717    1.448457443    1.448457443    1.382342612
    9.699398798    1.447022566    1.447022566    1.381260754
    9.719438878    1.445594161    1.445594162    1.380182965
    9.739478958    1.444172191    1.444172191    1.379109229
    9.759519038    1.442756619    1.442756619    1.378039528
    9.779559118    1.441347408    1.441347408    1.376973845
    9.799599198    1.439944523    1.439944523    1.375912161
    9.819639279    1.438547928    1.438547928    1.374854461
    9.839679359    1.437157588    1.437157588    1.373800727
    9.859719439    1.435773466    1.435773466    1.372750941
    9.879759519    1.434395528    1.434395528    1.371705087
    9.899799599    1.433023740    1.433023740    1.370663148
    9.919839679    1.431658065    1.431658065    1.369625107
    9.939879760    1.430298471    1.430298471    1.368590946
    9.959919840    1.428944923    1.428944923    1.367560650
    9.979959920    1.427597386    1.427597386    1.366534201
   10.000000000    1.426255828    1.426255828    1.365511583
