# energy grid [eV]     JDOS [1/eV]
#
    0.000000000    0.000000000
    0.020040080    0.000000000
    0.040080160    0.000000000
    0.060120240    0.000000000
    0.080160321    0.000000000
    0.100200401    0.000000000
    0.120240481    0.000000000
    0.140280561    0.000000000
    0.160320641    0.000000000
    0.180360721    0.000000000
    0.200400802    0.000000000
    0.220440882    0.000000000
    0.240480962    0.000000000
    0.260521042    0.000000000
    0.280561122    0.000000000
    0.300601202    0.000000000
    0.320641283    0.000000000
    0.340681363    0.000000000
    0.360721443    0.000000000
    0.380761523    0.000000000
    0.400801603    0.000000000
    0.420841683    0.000000000
    0.440881764    0.000000000
    0.460921844    0.000000000
    0.480961924    0.000000000
    0.501002004    0.000000000
    0.521042084    0.000000000
    0.541082164    0.000000000
    0.561122244    0.000000000
    0.581162325    0.000000000
    0.601202405    0.000000000
    0.621242485    0.000000000
    0.641282565    0.000000000
    0.661322645    0.000000000
    0.681362725    0.000000000
    0.701402806    0.000000000
    0.721442886    0.000000000
    0.741482966    0.000000000
    0.761523046    0.000000000
    0.781563126    0.000000000
    0.801603206    0.000000000
    0.821643287    0.000000000
    0.841683367    0.000000000
    0.861723447    0.000000000
    0.881763527    0.000000000
    0.901803607    0.000000000
    0.921843687    0.000000000
    0.941883768    0.000000000
    0.961923848    0.000000000
    0.981963928    0.000000000
    1.002004008    0.000000000
    1.022044088    0.000000000
    1.042084168    0.000000000
    1.062124248    0.000000000
    1.082164329    0.000000000
    1.102204409    0.000000000
    1.122244489    0.000000000
    1.142284569    0.000000000
    1.162324649    0.000000000
    1.182364729    0.000000000
    1.202404810    0.000000000
    1.222444890    0.000000000
    1.242484970    0.000000000
    1.262525050    0.000000000
    1.282565130    0.000000000
    1.302605210    0.000000000
    1.322645291    0.000000000
    1.342685371    0.000000000
    1.362725451    0.000000001
    1.382765531    0.000000001
    1.402805611    0.000000003
    1.422845691    0.000000008
    1.442885772    0.000000017
    1.462925852    0.000000035
    1.482965932    0.000000071
    1.503006012    0.000000139
    1.523046092    0.000000265
    1.543086172    0.000000486
    1.563126253    0.000000864
    1.583166333    0.000001489
    1.603206413    0.000002487
    1.623246493    0.000004031
    1.643286573    0.000006349
    1.663326653    0.000009725
    1.683366733    0.000014506
    1.703406814    0.000021092
    1.723446894    0.000029925
    1.743486974    0.000041468
    1.763527054    0.000056157
    1.783567134    0.000074352
    1.803607214    0.000096257
    1.823647295    0.000121831
    1.843687375    0.000150705
    1.863727455    0.000182118
    1.883767535    0.000214908
    1.903807615    0.000247588
    1.923847695    0.000278500
    1.943887776    0.000306067
    1.963927856    0.000329073
    1.983967936    0.000346938
    2.004008016    0.000359896
    2.024048096    0.000369027
    2.044088176    0.000376116
    2.064128257    0.000383339
    2.084168337    0.000392855
    2.104208417    0.000406368
    2.124248497    0.000424783
    2.144288577    0.000448001
    2.164328657    0.000474936
    2.184368737    0.000503716
    2.204408818    0.000532042
    2.224448898    0.000557639
    2.244488978    0.000578684
    2.264529058    0.000594157
    2.284569138    0.000604036
    2.304609218    0.000609320
    2.324649299    0.000611903
    2.344689379    0.000614326
    2.364729459    0.000619496
    2.384769539    0.000630428
    2.404809619    0.000650075
    2.424849699    0.000681256
    2.444889780    0.000726713
    2.464929860    0.000789252
    2.484969940    0.000871956
    2.505010020    0.000978424
    2.525050100    0.001112974
    2.545090180    0.001280741
    2.565130261    0.001487575
    2.585170341    0.001739651
    2.605210421    0.002042730
    2.625250501    0.002401111
    2.645290581    0.002816373
    2.665330661    0.003286171
    2.685370741    0.003803347
    2.705410822    0.004355662
    2.725450902    0.004926337
    2.745490982    0.005495418
    2.765531062    0.006041805
    2.785571142    0.006545600
    2.805611222    0.006990362
    2.825651303    0.007364832
    2.845691383    0.007663859
    2.865731463    0.007888404
    2.885771543    0.008044730
    2.905811623    0.008143033
    2.925851703    0.008195875
    2.945891784    0.008216719
    2.965931864    0.008218807
    2.985971944    0.008214426
    3.006012024    0.008214491
    3.026052104    0.008228283
    3.046092184    0.008263190
    3.066132265    0.008324400
    3.086172345    0.008414615
    3.106212425    0.008533974
    3.126252505    0.008680387
    3.146292585    0.008850436
    3.166332665    0.009040792
    3.186372745    0.009249900
    3.206412826    0.009479515
    3.226452906    0.009735556
    3.246492986    0.010027854
    3.266533066    0.010368567
    3.286573146    0.010769359
    3.306613226    0.011237836
    3.326653307    0.011773971
    3.346693387    0.012367433
    3.366733467    0.012996639
    3.386773547    0.013630038
    3.406813627    0.014229687
    3.426853707    0.014756571
    3.446893788    0.015176709
    3.466933868    0.015466747
    3.486973948    0.015617809
    3.507014028    0.015636750
    3.527054108    0.015544510
    3.547094188    0.015372031
    3.567134269    0.015154681
    3.587174349    0.014926516
    3.607214429    0.014715576
    3.627254509    0.014541060
    3.647294589    0.014412675
    3.667334669    0.014331844
    3.687374749    0.014294061
    3.707414830    0.014291551
    3.727454910    0.014315487
    3.747494990    0.014357341
    3.767535070    0.014409331
    3.787575150    0.014464231
    3.807615230    0.014514956
    3.827655311    0.014554328
    3.847695391    0.014575233
    3.867735471    0.014571156
    3.887775551    0.014536913
    3.907815631    0.014469289
    3.927855711    0.014367364
    3.947895792    0.014232458
    3.967935872    0.014067761
    3.987975952    0.013877866
    4.008016032    0.013668422
    4.028056112    0.013446020
    4.048096192    0.013218340
    4.068136273    0.012994362
    4.088176353    0.012784447
    4.108216433    0.012600027
    4.128256513    0.012452802
    4.148296593    0.012353452
    4.168336673    0.012310074
    4.188376754    0.012326640
    4.208416834    0.012401836
    4.228456914    0.012528568
    4.248496994    0.012694302
    4.268537074    0.012882219
    4.288577154    0.013073011
    4.308617234    0.013247043
    4.328657315    0.013386536
    4.348697395    0.013477513
    4.368737475    0.013511318
    4.388777555    0.013485605
    4.408817635    0.013404778
    4.428857715    0.013279889
    4.448897796    0.013127940
    4.468937876    0.012970592
    4.488977956    0.012832228
    4.509018036    0.012737495
    4.529058116    0.012708502
    4.549098196    0.012762065
    4.569138277    0.012907414
    4.589178357    0.013144807
    4.609218437    0.013465289
    4.629258517    0.013851687
    4.649298597    0.014280621
    4.669338677    0.014725171
    4.689378758    0.015157754
    4.709418838    0.015552807
    4.729458918    0.015889014
    4.749498998    0.016150951
    4.769539078    0.016330150
    4.789579158    0.016425621
    4.809619238    0.016443838
    4.829659319    0.016398145
    4.849699399    0.016307540
    4.869739479    0.016194816
    4.889779559    0.016084194
    4.909819639    0.015998731
    4.929859719    0.015957890
    4.949899800    0.015975718
    4.969939880    0.016059953
    4.989979960    0.016212163
    5.010020040    0.016428788
    5.030060120    0.016702737
    5.050100200    0.017025073
    5.070140281    0.017386392
    5.090180361    0.017777621
    5.110220441    0.018190211
    5.130260521    0.018615847
    5.150300601    0.019045949
    5.170340681    0.019471206
    5.190380762    0.019881347
    5.210420842    0.020265219
    5.230460922    0.020611159
    5.250501002    0.020907610
    5.270541082    0.021143898
    5.290581162    0.021311133
    5.310621242    0.021403160
    5.330661323    0.021417462
    5.350701403    0.021355884
    5.370741483    0.021225002
    5.390781563    0.021035979
    5.410821643    0.020803867
    5.430861723    0.020546393
    5.450901804    0.020282439
    5.470941884    0.020030447
    5.490981964    0.019807004
    5.511022044    0.019625761
    5.531062124    0.019496765
    5.551102204    0.019426176
    5.571142285    0.019416282
    5.591182365    0.019465725
    5.611222445    0.019569844
    5.631262525    0.019721057
    5.651302605    0.019909228
    5.671342685    0.020121993
    5.691382766    0.020345112
    5.711422846    0.020562968
    5.731462926    0.020759403
    5.751503006    0.020919050
    5.771543086    0.021029168
    5.791583166    0.021081799
    5.811623246    0.021075750
    5.831663327    0.021017812
    5.851703407    0.020922617
    5.871743487    0.020810771
    5.891783567    0.020705384
    5.911823647    0.020627554
    5.931863727    0.020591803
    5.951903808    0.020602584
    5.971943888    0.020652822
    5.991983968    0.020725001
    6.012024048    0.020794663
    6.032064128    0.020835603
    6.052104208    0.020825555
    6.072144289    0.020751101
    6.092184369    0.020610692
    6.112224449    0.020415178
    6.132264529    0.020185857
    6.152304609    0.019950600
    6.172344689    0.019739027
    6.192384770    0.019577782
    6.212424850    0.019486826
    6.232464930    0.019477289
    6.252505010    0.019550999
    6.272545090    0.019701418
    6.292585170    0.019915444
    6.312625251    0.020175506
    6.332665331    0.020461438
    6.352705411    0.020751857
    6.372745491    0.021024986
    6.392785571    0.021259123
    6.412825651    0.021433049
    6.432865731    0.021526718
    6.452905812    0.021522462
    6.472945892    0.021406738
    6.492985972    0.021172220
    6.513026052    0.020819792
    6.533066132    0.020359889
    6.553106212    0.019812643
    6.573146293    0.019206500
    6.593186373    0.018575304
    6.613226453    0.017954226
    6.633266533    0.017375286
    6.653306613    0.016863351
    6.673346693    0.016433478
    6.693386774    0.016090135
    6.713426854    0.015828443
    6.733466934    0.015637043
    6.753507014    0.015501854
    6.773547094    0.015409802
    6.793587174    0.015351690
    6.813627255    0.015323684
    6.833667335    0.015327278
    6.853707415    0.015367996
    6.873747495    0.015453318
    6.893787575    0.015590406
    6.913827655    0.015784108
    6.933867735    0.016035527
    6.953907816    0.016341288
    6.973947896    0.016693434
    6.993987976    0.017079893
    7.014028056    0.017485392
    7.034068136    0.017892756
    7.054108216    0.018284470
    7.074148297    0.018644373
    7.094188377    0.018959239
    7.114228457    0.019219968
    7.134268537    0.019422112
    7.154308617    0.019565580
    7.174348697    0.019653578
    7.194388778    0.019691056
    7.214428858    0.019683131
    7.234468938    0.019634003
    7.254509018    0.019546759
    7.274549098    0.019424187
    7.294589178    0.019270399
    7.314629259    0.019092711
    7.334669339    0.018903097
    7.354709419    0.018718555
    7.374749499    0.018559978
    7.394789579    0.018449552
    7.414829659    0.018407125
    7.434869739    0.018446368
    7.454909820    0.018571654
    7.474949900    0.018776500
    7.494989980    0.019044041
    7.515030060    0.019349539
    7.535070140    0.019664399
    7.555110220    0.019960866
    7.575150301    0.020216374
    7.595190381    0.020416675
    7.615230461    0.020557184
    7.635270541    0.020642389
    7.655310621    0.020683599
    7.675350701    0.020695669
    7.695390782    0.020693458
    7.715430862    0.020688819
    7.735470942    0.020688717
    7.755511022    0.020694804
    7.775551102    0.020704419
    7.795591182    0.020712651
    7.815631263    0.020714865
    7.835671343    0.020708981
    7.855711423    0.020696906
    7.875751503    0.020684704
    7.895791583    0.020681507
    7.915831663    0.020697478
    7.935871743    0.020741449
    7.955911824    0.020818962
    7.975951904    0.020931343
    7.995991984    0.021076134
    8.016032064    0.021248823
    8.036072144    0.021445374
    8.056112224    0.021664776
    8.076152305    0.021910751
    8.096192385    0.022191927
    8.116232465    0.022520182
    8.136272545    0.022907401
    8.156312625    0.023361349
    8.176352705    0.023881764
    8.196392786    0.024457786
    8.216432866    0.025067642
    8.236472946    0.025680972
    8.256513026    0.026263519
    8.276553106    0.026783268
    8.296593186    0.027216629
    8.316633267    0.027553170
    8.336673347    0.027797618
    8.356713427    0.027968516
    8.376753507    0.028093688
    8.396793587    0.028203564
    8.416833667    0.028323943
    8.436873747    0.028470021
    8.456913828    0.028643176
    8.476953908    0.028831293
    8.496993988    0.029012462
    8.517034068    0.029160964
    8.537074148    0.029253871
    8.557114228    0.029276461
    8.577154309    0.029225052
    8.597194389    0.029106668
    8.617234469    0.028935864
    8.637274549    0.028729853
    8.657314629    0.028503491
    8.677354709    0.028265622
    8.697394790    0.028017785
    8.717434870    0.027755537
    8.737474950    0.027471848
    8.757515030    0.027161484
    8.777555110    0.026825025
    8.797595190    0.026471395
    8.817635271    0.026118187
    8.837675351    0.025789731
    8.857715431    0.025513351
    8.877755511    0.025314688
    8.897795591    0.025213035
    8.917835671    0.025217534
    8.937875752    0.025324838
    8.957915832    0.025518512
    8.977955912    0.025770190
    8.997995992    0.026042319
    9.018036072    0.026292146
    9.038076152    0.026476541
    9.058116232    0.026557085
    9.078156313    0.026504801
    9.098196393    0.026303836
    9.118236473    0.025953516
    9.138276553    0.025468381
    9.158316633    0.024876201
    9.178356713    0.024214316
    9.198396794    0.023525014
    9.218436874    0.022850793
    9.238476954    0.022230302
    9.258517034    0.021695473
    9.278557114    0.021270026
    9.298597194    0.020969149
    9.318637275    0.020799951
    9.338677355    0.020762272
    9.358717435    0.020849525
    9.378757515    0.021049473
    9.398797595    0.021345009
    9.418837675    0.021715102
    9.438877756    0.022136039
    9.458917836    0.022582991
    9.478957916    0.023031766
    9.498997996    0.023460519
    9.519038076    0.023851131
    9.539078156    0.024190041
    9.559118236    0.024468414
    9.579158317    0.024681711
    9.599198397    0.024828868
    9.619238477    0.024911410
    9.639278557    0.024932813
    9.659318637    0.024898351
    9.679358717    0.024815432
    9.699398798    0.024694246
    9.719438878    0.024548316
    9.739478958    0.024394509
    9.759519038    0.024252178
    9.779559118    0.024141315
    9.799599198    0.024079992
    9.819639279    0.024081606
    9.839679359    0.024152628
    9.859719439    0.024291491
    9.879759519    0.024489017
    9.899799599    0.024730372
    9.919839679    0.024998164
    9.939879760    0.025275985
    9.959919840    0.025551581
    9.979959920    0.025818945
   10.000000000    0.026078904
